R,1Tests:  1.00000Pitch Axis TestCount: %f Pitch: %f Setpoint: %f M1: %f M3: %fPID values:  0.30000,  0.08000,  0.14000 Motor Max/Min: 52.00000, 48.00000 Gyro Weight:  0.98000Count:        1 Pitch:     5.46 Setpoint:     0.00 M1:    48.00 M3:    49.80Count:        2 Pitch:     5.48 Setpoint:     0.00 M1:    48.00 M3:    51.66Count:        3 Pitch:     5.50 Setpoint:     0.00 M1:    48.00 M3:    52.00Count:        4 Pitch:     5.52 Setpoint:     0.00 M1:    48.00 M3:    52.00Count:        5 Pitch:     5.52 Setpoint:     0.00 M1:    48.00 M3:    52.00Count:        6 Pitch:     5.53 Setpoint:     0.00 M1:    48.00 M3:    52.00Count:        7 Pitch:     5.55 Setpoint:     0.00 M1:    48.00 M3:    52.00Count:        8 Pitch:     5.58 Setpoint:     0.00 M1:    48.00 M3:    52.00Count:        9 Pitch:     5.58 Setpoint:     0.00 M1:    48.00 M3:    52.00Count:       10 Pitch:     5.59 Setpoint:     0.00 M1:    48.00 M3:    52.00Count:       11 Pitch:     5.59 Setpoint:     0.00 M1:    48.00 M3:    52.00Count:       12 Pitch:     5.55 Setpoint:     0.00 M1:    48.00 M3:    52.00Count:       13 Pitch:     5.52 Setpoint:     0.00 M1:    48.00 M3:    52.00Count:       14 Pitch:     5.42 Setpoint:     0.00 M1:    48.00 M3:    52.00Count:       15 Pitch:     5.45 Setpoint:     0.00 M1:    48.00 M3:    52.00Count:       16 Pitch:     5.48 Setpoint:     0.00 M1:    48.00 M3:    52.00Count:       17 Pitch:     5.39 Setpoint:     0.00 M1:    48.00 M3:    52.00Count:       18 Pitch:     5.32 Setpoint:     0.00 M1:    48.00 M3:    52.00Count:       19 Pitch:     5.14 Setpoint:     0.00 M1:    48.03 M3:    51.97Count:       20 Pitch:     5.07 Setpoint:     0.00 M1:    48.00 M3:    52.00Count:       21 Pitch:     4.88 Setpoint:     0.00 M1:    48.19 M3:    51.81Count:       22 Pitch:     4.68 Setpoint:     0.00 M1:    48.43 M3:    51.57Count:       23 Pitch:     4.69 Setpoint:     0.00 M1:    48.00 M3:    52.00Count:       24 Pitch:     4.62 Setpoint:     0.00 M1:    48.00 M3:    52.00Count:       25 Pitch:     4.72 Setpoint:     0.00 M1:    48.00 M3:    52.00Count:       26 Pitch:     4.55 Setpoint:     0.00 M1:    48.00 M3:    52.00Count:       27 Pitch:     4.86 Setpoint:     0.00 M1:    48.00 M3:    52.00Count:       28 Pitch:     4.41 Setpoint:     0.00 M1:    50.70 M3:    49.30Count:       29 Pitch:     4.29 Setpoint:     0.00 M1:    50.39 M3:    49.61Count:       30 Pitch:     4.33 Setpoint:     0.00 M1:    48.58 M3:    51.42Count:       31 Pitch:     4.44 Setpoint:     0.00 M1:    48.00 M3:    52.00Count:       32 Pitch:     3.91 Setpoint:     0.00 M1:    51.53 M3:    48.47Count:       33 Pitch:     4.33 Setpoint:     0.00 M1:    48.00 M3:    52.00Count:       34 Pitch:     4.43 Setpoint:     0.00 M1:    48.00 M3:    52.00Count:       35 Pitch:     4.20 Setpoint:     0.00 M1:    48.74 M3:    51.26Count:       36 Pitch:     2.32 Setpoint:     0.00 M1:    52.00 M3:    48.00Count:       37 Pitch:     3.58 Setpoint:     0.00 M1:    48.00 M3:    52.00Count:       38 Pitch:     4.50 Setpoint:     0.00 M1:    48.00 M3:    52.00Count:       39 Pitch:     4.80 Setpoint:     0.00 M1:    48.00 M3:    52.00Count:       40 Pitch:     6.02 Setpoint:     0.00 M1:    48.00 M3:    52.00Count:       41 Pitch:     5.46 Setpoint:     0.00 M1:    51.33 M3:    48.67Count:       42 Pitch:     4.51 Setpoint:     0.00 M1:    52.00 M3:    48.00Count:       43 Pitch:     6.88 Setpoint:     0.00 M1:    48.00 M3:    52.00Count:       44 Pitch:     6.01 Setpoint:     0.00 M1:    52.00 M3:    48.00Count:       45 Pitch:     6.58 Setpoint:     0.00 M1:    48.00 M3:    52.00Count:       46 Pitch:     6.11 Setpoint:     0.00 M1:    50.26 M3:    49.74Count:       47 Pitch:     7.60 Setpoint:     0.00 M1:    48.00 M3:    52.00Count:       48 Pitch:     9.49 Setpoint:     0.00 M1:    48.00 M3:    52.00Count:       49 Pitch:     8.32 Setpoint:     0.00 M1:    52.00 M3:    48.00Count:       50 Pitch:     9.22 Setpoint:     0.00 M1:    48.00 M3:    52.00Count:       51 Pitch:    10.50 Setpoint:     0.00 M1:    48.00 M3:    52.00Count:       52 Pitch:    11.98 Setpoint:     0.00 M1:    48.00 M3:    52.00Count:       53 Pitch:    13.11 Setpoint:     0.00 M1:    48.00 M3:    52.00Count:       54 Pitch:    14.12 Setpoint:     0.00 M1:    48.00 M3:    52.00Count:       55 Pitch:    14.83 Setpoint:     0.00 M1:    48.00 M3:    52.00Count:       56 Pitch:    15.11 Setpoint:     0.00 M1:    48.00 M3:    52.00Count:       57 Pitch:    15.55 Setpoint:     0.00 M1:    48.00 M3:    52.00Count:       58 Pitch:    16.54 Setpoint:     0.00 M1:    48.00 M3:    52.00Count:       59 Pitch:    17.99 Setpoint:     0.00 M1:    48.00 M3:    52.00Count:       60 Pitch:    18.11 Setpoint:     0.00 M1:    48.00 M3:    52.00Count:       61 Pitch:    18.14 Setpoint:     0.00 M1:    48.00 M3:    52.00Count:       62 Pitch:    18.46 Setpoint:     0.00 M1:    48.00 M3:    52.00Count:       63 Pitch:    18.53 Setpoint:     0.00 M1:    48.00 M3:    52.00Count:       64 Pitch:    17.93 Setpoint:     0.00 M1:    48.00 M3:    52.00Count:       65 Pitch:    17.16 Setpoint:     0.00 M1:    49.45 M3:    50.55Count:       66 Pitch:    17.55 Setpoint:     0.00 M1:    48.00 M3:    52.00Count:       67 Pitch:    16.37 Setpoint:     0.00 M1:    52.00 M3:    48.00Count:       68 Pitch:    15.71 Setpoint:     0.00 M1:    52.00 M3:    48.00Count:       69 Pitch:    14.42 Setpoint:     0.00 M1:    52.00 M3:    48.00Count:       70 Pitch:    13.56 Setpoint:     0.00 M1:    52.00 M3:    48.00Count:       71 Pitch:    13.65 Setpoint:     0.00 M1:    48.00 M3:    52.00Count:       72 Pitch:    13.93 Setpoint:     0.00 M1:    48.00 M3:    52.00Count:       73 Pitch:    14.51 Setpoint:     0.00 M1:    48.00 M3:    52.00Count:       74 Pitch:    13.14 Setpoint:     0.00 M1:    52.00 M3:    48.00Count:       75 Pitch:    12.88 Setpoint:     0.00 M1:    49.70 M3:    50.30Count:       76 Pitch:    12.71 Setpoint:     0.00 M1:    48.00 M3:    52.00Count:       77 Pitch:    11.20 Setpoint:     0.00 M1:    52.00 M3:    48.00Count:       78 Pitch:    10.87 Setpoint:     0.00 M1:    51.00 M3:    49.00Count:       79 Pitch:    11.55 Setpoint:     0.00 M1:    48.00 M3:    52.00Count:       80 Pitch:    12.71 Setpoint:     0.00 M1:    48.00 M3:    52.00Count:       81 Pitch:    10.45 Setpoint:     0.00 M1:    52.00 M3:    48.00Count:       82 Pitch:     9.96 Setpoint:     0.00 M1:    52.00 M3:    48.00Count:       83 Pitch:     9.81 Setpoint:     0.00 M1:    49.57 M3:    50.43Count:       84 Pitch:    10.29 Setpoint:     0.00 M1:    48.00 M3:    52.00Count:       85 Pitch:     9.36 Setpoint:     0.00 M1:    52.00 M3:    48.00Count:       86 Pitch:     9.34 Setpoint:     0.00 M1:    48.51 M3:    51.49Count:       87 Pitch:    10.56 Setpoint:     0.00 M1:    48.00 M3:    52.00Count:       88 Pitch:     8.83 Setpoint:     0.00 M1:    52.00 M3:    48.00Count:       89 Pitch:     8.04 Setpoint:     0.00 M1:    52.00 M3:    48.00Count:       90 Pitch:     6.55 Setpoint:     0.00 M1:    52.00 M3:    48.00Count:       91 Pitch:     5.97 Setpoint:     0.00 M1:    52.00 M3:    48.00Count:       92 Pitch:     5.26 Setpoint:     0.00 M1:    52.00 M3:    48.00Count:       93 Pitch:     6.05 Setpoint:     0.00 M1:    48.00 M3:    52.00Count:       94 Pitch:     6.38 Setpoint:     0.00 M1:    48.00 M3:    52.00Count:       95 Pitch:     5.81 Setpoint:     0.00 M1:    50.59 M3:    49.41Count:       96 Pitch:     5.96 Setpoint:     0.00 M1:    48.00 M3:    52.00Count:       97 Pitch:     6.44 Setpoint:     0.00 M1:    48.00 M3:    52.00Count:       98 Pitch:     6.16 Setpoint:     0.00 M1:    48.00 M3:    52.00Count:       99 Pitch:     6.27 Setpoint:     0.00 M1:    48.00 M3:    52.00Count:      100 Pitch:     6.72 Setpoint:     0.00 M1:    48.00 M3:    52.00Count:      101 Pitch:     6.42 Setpoint:     0.00 M1:    48.00 M3:    52.00Count:      102 Pitch:     6.38 Setpoint:     0.00 M1:    48.00 M3:    52.00Count:      103 Pitch:     6.75 Setpoint:     0.00 M1:    48.00 M3:    52.00Count:      104 Pitch:     6.11 Setpoint:     0.00 M1:    51.08 M3:    48.92Count:      105 Pitch:     5.12 Setpoint:     0.00 M1:    52.00 M3:    48.00Count:      106 Pitch:     4.87 Setpoint:     0.00 M1:    51.74 M3:    48.26Count:      107 Pitch:     4.76 Setpoint:     0.00 M1:    50.26 M3:    49.74Count:      108 Pitch:     3.90 Setpoint:     0.00 M1:    52.00 M3:    48.00Count:      109 Pitch:     2.50 Setpoint:     0.00 M1:    52.00 M3:    48.00Count:      110 Pitch:     2.96 Setpoint:     0.00 M1:    48.00 M3:    52.00Count:      111 Pitch:     2.68 Setpoint:     0.00 M1:    48.50 M3:    51.50Count:      112 Pitch:     1.80 Setpoint:     0.00 M1:    52.00 M3:    48.00Count:      113 Pitch:     1.50 Setpoint:     0.00 M1:    52.00 M3:    48.00Count:      114 Pitch:     2.05 Setpoint:     0.00 M1:    48.00 M3:    52.00Count:      115 Pitch:     1.72 Setpoint:     0.00 M1:    49.47 M3:    50.53Count:      116 Pitch:     1.39 Setpoint:     0.00 M1:    50.99 M3:    49.01Count:      117 Pitch:     1.71 Setpoint:     0.00 M1:    48.00 M3:    52.00Count:      118 Pitch:     1.61 Setpoint:     0.00 M1:    48.00 M3:    52.00Count:      119 Pitch:     0.38 Setpoint:     0.00 M1:    52.00 M3:    48.00Count:      120 Pitch:     0.91 Setpoint:     0.00 M1:    48.00 M3:    52.00Count:      121 Pitch:     1.10 Setpoint:     0.00 M1:    48.00 M3:    52.00Count:      122 Pitch:     0.89 Setpoint:     0.00 M1:    48.56 M3:    51.44Count:      123 Pitch:     1.17 Setpoint:     0.00 M1:    48.00 M3:    52.00Count:      124 Pitch:     0.26 Setpoint:     0.00 M1:    52.00 M3:    48.00Count:      125 Pitch:    -0.12 Setpoint:     0.00 M1:    52.00 M3:    48.00Count:      126 Pitch:    -0.20 Setpoint:     0.00 M1:    51.76 M3:    48.24Count:      127 Pitch:     0.09 Setpoint:     0.00 M1:    48.00 M3:    52.00Count:      128 Pitch:     0.01 Setpoint:     0.00 M1:    48.00 M3:    52.00Count:      129 Pitch:    -0.20 Setpoint:     0.00 M1:    48.87 M3:    51.13Count:      130 Pitch:     0.66 Setpoint:     0.00 M1:    48.00 M3:    52.00Count:      131 Pitch:    -0.08 Setpoint:     0.00 M1:    52.00 M3:    48.00Count:      132 Pitch:    -0.79 Setpoint:     0.00 M1:    52.00 M3:    48.00Count:      133 Pitch:    -1.03 Setpoint:     0.00 M1:    52.00 M3:    48.00Count:      134 Pitch:    -0.38 Setpoint:     0.00 M1:    48.00 M3:    52.00Count:      135 Pitch:    -0.67 Setpoint:     0.00 M1:    49.76 M3:    50.24Count:      136 Pitch:    -1.35 Setpoint:     0.00 M1:    52.00 M3:    48.00Count:      137 Pitch:    -0.31 Setpoint:     0.00 M1:    48.00 M3:    52.00Count:      138 Pitch:    -0.24 Setpoint:     0.00 M1:    48.00 M3:    52.00Count:      139 Pitch:    -0.43 Setpoint:     0.00 M1:    48.84 M3:    51.16Count:      140 Pitch:    -1.02 Setpoint:     0.00 M1:    52.00 M3:    48.00Count:      141 Pitch:    -0.57 Setpoint:     0.00 M1:    48.00 M3:    52.00Count:      142 Pitch:    -1.71 Setpoint:     0.00 M1:    52.00 M3:    48.00Count:      143 Pitch:    -1.30 Setpoint:     0.00 M1:    48.00 M3:    52.00Count:      144 Pitch:    -0.95 Setpoint:     0.00 M1:    48.00 M3:    52.00Count:      145 Pitch:    -1.87 Setpoint:     0.00 M1:    52.00 M3:    48.00Count:      146 Pitch:    -2.28 Setpoint:     0.00 M1:    52.00 M3:    48.00Count:      147 Pitch:    -2.63 Setpoint:     0.00 M1:    52.00 M3:    48.00Count:      148 Pitch:    -3.30 Setpoint:     0.00 M1:    52.00 M3:    48.00Count:      149 Pitch:    -4.22 Setpoint:     0.00 M1:    52.00 M3:    48.00Count:      150 Pitch:    -4.57 Setpoint:     0.00 M1:    52.00 M3:    48.00Count:      151 Pitch:    -5.93 Setpoint:     0.00 M1:    52.00 M3:    48.00Count:      152 Pitch:    -5.10 Setpoint:     0.00 M1:    48.00 M3:    52.00Count:      153 Pitch:    -4.58 Setpoint:     0.00 M1:    48.00 M3:    52.00Count:      154 Pitch:    -4.92 Setpoint:     0.00 M1:    51.60 M3:    48.40Count:      155 Pitch:    -5.03 Setpoint:     0.00 M1:    52.00 M3:    48.00Count:      156 Pitch:    -3.95 Setpoint:     0.00 M1:    48.00 M3:    52.00Count:      157 Pitch:    -3.00 Setpoint:     0.00 M1:    48.00 M3:    52.00Count:      158 Pitch:    -3.45 Setpoint:     0.00 M1:    52.00 M3:    48.00Count:      159 Pitch:    -3.01 Setpoint:     0.00 M1:    48.00 M3:    52.00Count:      160 Pitch:    -2.35 Setpoint:     0.00 M1:    48.00 M3:    52.00Count:      161 Pitch:    -2.40 Setpoint:     0.00 M1:    48.13 M3:    51.87Count:      162 Pitch:    -0.90 Setpoint:     0.00 M1:    48.00 M3:    52.00Count:      163 Pitch:    -1.12 Setpoint:     0.00 M1:    49.35 M3:    50.65Count:      164 Pitch:    -1.26 Setpoint:     0.00 M1:    50.02 M3:    49.98Count:      165 Pitch:    -0.41 Setpoint:     0.00 M1:    48.00 M3:    52.00Count:      166 Pitch:     0.81 Setpoint:     0.00 M1:    48.00 M3:    52.00Count:      167 Pitch:     0.76 Setpoint:     0.00 M1:    48.00 M3:    52.00Count:      168 Pitch:     0.25 Setpoint:     0.00 M1:    51.66 M3:    48.34Count:      169 Pitch:     1.27 Setpoint:     0.00 M1:    48.00 M3:    52.00Count:      170 Pitch:     1.27 Setpoint:     0.00 M1:    48.00 M3:    52.00Count:      171 Pitch:     0.71 Setpoint:     0.00 M1:    51.99 M3:    48.01Count:      172 Pitch:    -0.25 Setpoint:     0.00 M1:    52.00 M3:    48.00Count:      173 Pitch:     0.63 Setpoint:     0.00 M1:    48.00 M3:    52.00Count:      174 Pitch:     0.56 Setpoint:     0.00 M1:    48.00 M3:    52.00Count:      175 Pitch:    -0.11 Setpoint:     0.00 M1:    52.00 M3:    48.00Count:      176 Pitch:    -0.45 Setpoint:     0.00 M1:    52.00 M3:    48.00Count:      177 Pitch:    -0.10 Setpoint:     0.00 M1:    48.00 M3:    52.00Count:      178 Pitch:     0.03 Setpoint:     0.00 M1:    48.00 M3:    52.00Count:      179 Pitch:    -0.84 Setpoint:     0.00 M1:    52.00 M3:    48.00Count:      180 Pitch:    -1.11 Setpoint:     0.00 M1:    52.00 M3:    48.00Count:      181 Pitch:    -1.78 Setpoint:     0.00 M1:    52.00 M3:    48.00Count:      182 Pitch:    -1.91 Setpoint:     0.00 M1:    52.00 M3:    48.00Count:      183 Pitch:    -1.38 Setpoint:     0.00 M1:    48.00 M3:    52.00Count:      184 Pitch:    -0.77 Setpoint:     0.00 M1:    48.00 M3:    52.00Count:      185 Pitch:    -1.11 Setpoint:     0.00 M1:    50.46 M3:    49.54Count:      186 Pitch:    -1.32 Setpoint:     0.00 M1:    51.80 M3:    48.20Count:      187 Pitch:    -1.07 Setpoint:     0.00 M1:    48.77 M3:    51.23Count:      188 Pitch:    -0.76 Setpoint:     0.00 M1:    48.00 M3:    52.00Count:      189 Pitch:     1.07 Setpoint:     0.00 M1:    48.00 M3:    52.00Count:      190 Pitch:     1.36 Setpoint:     0.00 M1:    48.00 M3:    52.00Count:      191 Pitch:     1.14 Setpoint:     0.00 M1:    48.76 M3:    51.24Count:      192 Pitch:     2.26 Setpoint:     0.00 M1:    48.00 M3:    52.00Count:      193 Pitch:     2.66 Setpoint:     0.00 M1:    48.00 M3:    52.00Count:      194 Pitch:     3.05 Setpoint:     0.00 M1:    48.00 M3:    52.00Count:      195 Pitch:     2.84 Setpoint:     0.00 M1:    48.04 M3:    51.96Count:      196 Pitch:     1.71 Setpoint:     0.00 M1:    52.00 M3:    48.00Count:      197 Pitch:     1.26 Setpoint:     0.00 M1:    52.00 M3:    48.00Count:      198 Pitch:     0.46 Setpoint:     0.00 M1:    52.00 M3:    48.00Count:      199 Pitch:     0.19 Setpoint:     0.00 M1:    52.00 M3:    48.00Count:      200 Pitch:    -0.98 Setpoint:     0.00 M1:    52.00 M3:    48.00Count:      201 Pitch:    -0.84 Setpoint:     0.00 M1:    49.87 M3:    50.13Count:      202 Pitch:     0.08 Setpoint:     0.00 M1:    48.00 M3:    52.00Count:      203 Pitch:     0.06 Setpoint:     0.00 M1:    48.00 M3:    52.00Count:      204 Pitch:    -0.49 Setpoint:     0.00 M1:    52.00 M3:    48.00Count:      205 Pitch:    -0.85 Setpoint:     0.00 M1:    52.00 M3:    48.00Count:      206 Pitch:    -0.36 Setpoint:     0.00 M1:    48.00 M3:    52.00Count:      207 Pitch:     0.03 Setpoint:     0.00 M1:    48.00 M3:    52.00Count:      208 Pitch:    -0.63 Setpoint:     0.00 M1:    52.00 M3:    48.00Count:      209 Pitch:    -1.10 Setpoint:     0.00 M1:    52.00 M3:    48.00Count:      210 Pitch:    -1.09 Setpoint:     0.00 M1:    51.14 M3:    48.86Count:      211 Pitch:    -1.47 Setpoint:     0.00 M1:    52.00 M3:    48.00Count:      212 Pitch:    -2.95 Setpoint:     0.00 M1:    52.00 M3:    48.00Count:      213 Pitch:    -2.36 Setpoint:     0.00 M1:    48.00 M3:    52.00Count:      214 Pitch:    -2.74 Setpoint:     0.00 M1:    51.37 M3:    48.63Count:      215 Pitch:    -2.98 Setpoint:     0.00 M1:    52.00 M3:    48.00Count:      216 Pitch:    -2.10 Setpoint:     0.00 M1:    48.00 M3:    52.00Count:      217 Pitch:    -1.52 Setpoint:     0.00 M1:    48.00 M3:    52.00Count:      218 Pitch:    -1.75 Setpoint:     0.00 M1:    49.57 M3:    50.43Count:      219 Pitch:    -2.08 Setpoint:     0.00 M1:    52.00 M3:    48.00Count:      220 Pitch:    -1.69 Setpoint:     0.00 M1:    48.00 M3:    52.00Count:      221 Pitch:    -2.00 Setpoint:     0.00 M1:    50.48 M3:    49.52Count:      222 Pitch:    -0.39 Setpoint:     0.00 M1:    48.00 M3:    52.00Count:      223 Pitch:     0.21 Setpoint:     0.00 M1:    48.00 M3:    52.00Count:      224 Pitch:    -0.02 Setpoint:     0.00 M1:    49.11 M3:    50.89Count:      225 Pitch:     0.84 Setpoint:     0.00 M1:    48.00 M3:    52.00Count:      226 Pitch:     0.62 Setpoint:     0.00 M1:    48.82 M3:    51.18Count:      227 Pitch:     0.42 Setpoint:     0.00 M1:    49.55 M3:    50.45Count:      228 Pitch:     0.66 Setpoint:     0.00 M1:    48.00 M3:    52.00Count:      229 Pitch:     0.04 Setpoint:     0.00 M1:    52.00 M3:    48.00Count:      230 Pitch:    -0.81 Setpoint:     0.00 M1:    52.00 M3:    48.00Count:      231 Pitch:    -1.45 Setpoint:     0.00 M1:    52.00 M3:    48.00Count:      232 Pitch:    -0.16 Setpoint:     0.00 M1:    48.00 M3:    52.00Count:      233 Pitch:    -0.12 Setpoint:     0.00 M1:    48.00 M3:    52.00Count:      234 Pitch:    -0.87 Setpoint:     0.00 M1:    52.00 M3:    48.00Count:      235 Pitch:    -0.50 Setpoint:     0.00 M1:    48.00 M3:    52.00Count:      236 Pitch:    -0.63 Setpoint:     0.00 M1:    48.43 M3:    51.57Count:      237 Pitch:    -0.36 Setpoint:     0.00 M1:    48.00 M3:    52.00Count:      238 Pitch:    -1.03 Setpoint:     0.00 M1:    52.00 M3:    48.00Count:      239 Pitch:    -0.73 Setpoint:     0.00 M1:    48.41 M3:    51.59Count:      240 Pitch:     0.09 Setpoint:     0.00 M1:    48.00 M3:    52.00Count:      241 Pitch:    -0.89 Setpoint:     0.00 M1:    52.00 M3:    48.00Count:      242 Pitch:    -1.25 Setpoint:     0.00 M1:    52.00 M3:    48.00Count:      243 Pitch:    -1.97 Setpoint:     0.00 M1:    52.00 M3:    48.00Count:      244 Pitch:    -3.48 Setpoint:     0.00 M1:    52.00 M3:    48.00Count:      245 Pitch:    -4.10 Setpoint:     0.00 M1:    52.00 M3:    48.00Count:      246 Pitch:    -3.38 Setpoint:     0.00 M1:    48.00 M3:    52.00Count:      247 Pitch:    -3.69 Setpoint:     0.00 M1:    50.80 M3:    49.20Count:      248 Pitch:    -3.87 Setpoint:     0.00 M1:    52.00 M3:    48.00Count:      249 Pitch:    -3.21 Setpoint:     0.00 M1:    48.00 M3:    52.00Count:      250 Pitch:    -3.62 Setpoint:     0.00 M1:    51.99 M3:    48.01Count:      251 Pitch:    -3.67 Setpoint:     0.00 M1:    52.00 M3:    48.00Count:      252 Pitch:    -3.58 Setpoint:     0.00 M1:    51.33 M3:    48.67Count:      253 Pitch:    -2.90 Setpoint:     0.00 M1:    48.00 M3:    52.00Count:      254 Pitch:    -2.87 Setpoint:     0.00 M1:    48.00 M3:    52.00Count:      255 Pitch:    -2.59 Setpoint:     0.00 M1:    48.00 M3:    52.00Count:      256 Pitch:    -1.76 Setpoint:     0.00 M1:    48.00 M3:    52.00Count:      257 Pitch:    -0.69 Setpoint:     0.00 M1:    48.00 M3:    52.00Count:      258 Pitch:    -0.43 Setpoint:     0.00 M1:    48.00 M3:    52.00Count:      259 Pitch:    -1.35 Setpoint:     0.00 M1:    52.00 M3:    48.00Count:      260 Pitch:    -1.51 Setpoint:     0.00 M1:    52.00 M3:    48.00Count:      261 Pitch:    -1.84 Setpoint:     0.00 M1:    52.00 M3:    48.00Count:      262 Pitch:    -1.09 Setpoint:     0.00 M1:    48.00 M3:    52.00Count:      263 Pitch:    -0.38 Setpoint:     0.00 M1:    48.00 M3:    52.00Count:      264 Pitch:     0.12 Setpoint:     0.00 M1:    48.00 M3:    52.00Count:      265 Pitch:     2.01 Setpoint:     0.00 M1:    48.00 M3:    52.00Count:      266 Pitch:     1.65 Setpoint:     0.00 M1:    49.94 M3:    50.06Count:      267 Pitch:     1.80 Setpoint:     0.00 M1:    48.00 M3:    52.00Count:      268 Pitch:     1.81 Setpoint:     0.00 M1:    48.00 M3:    52.00Count:      269 Pitch:     0.87 Setpoint:     0.00 M1:    52.00 M3:    48.00Count:      270 Pitch:     2.49 Setpoint:     0.00 M1:    48.00 M3:    52.00Count:      271 Pitch:     3.46 Setpoint:     0.00 M1:    48.00 M3:    52.00Count:      272 Pitch:     3.77 Setpoint:     0.00 M1:    48.00 M3:    52.00Count:      273 Pitch:     2.84 Setpoint:     0.00 M1:    52.00 M3:    48.00Count:      274 Pitch:     2.83 Setpoint:     0.00 M1:    50.34 M3:    49.66Count:      275 Pitch:     2.47 Setpoint:     0.00 M1:    51.96 M3:    48.04Count:      276 Pitch:     2.50 Setpoint:     0.00 M1:    49.96 M3:    50.04Count:      277 Pitch:     3.57 Setpoint:     0.00 M1:    48.00 M3:    52.00Count:      278 Pitch:     4.22 Setpoint:     0.00 M1:    48.00 M3:    52.00Count:      279 Pitch:     4.67 Setpoint:     0.00 M1:    48.00 M3:    52.00Count:      280 Pitch:     4.23 Setpoint:     0.00 M1:    49.87 M3:    50.13Count:      281 Pitch:     5.28 Setpoint:     0.00 M1:    48.00 M3:    52.00Count:      282 Pitch:     4.81 Setpoint:     0.00 M1:    49.91 M3:    50.09Count:      283 Pitch:     3.89 Setpoint:     0.00 M1:    52.00 M3:    48.00Count:      284 Pitch:     5.11 Setpoint:     0.00 M1:    48.00 M3:    52.00Count:      285 Pitch:     4.87 Setpoint:     0.00 M1:    48.00 M3:    52.00Count:      286 Pitch:     5.36 Setpoint:     0.00 M1:    48.00 M3:    52.00Count:      287 Pitch:     5.24 Setpoint:     0.00 M1:    48.00 M3:    52.00Count:      288 Pitch:     4.46 Setpoint:     0.00 M1:    52.00 M3:    48.00Count:      289 Pitch:     5.63 Setpoint:     0.00 M1:    48.00 M3:    52.00Count:      290 Pitch:     5.29 Setpoint:     0.00 M1:    48.56 M3:    51.44Count:      291 Pitch:     4.91 Setpoint:     0.00 M1:    49.54 M3:    50.46Count:      292 Pitch:     4.63 Setpoint:     0.00 M1:    49.70 M3:    50.30Count:      293 Pitch:     3.70 Setpoint:     0.00 M1:    52.00 M3:    48.00Count:      294 Pitch:     3.63 Setpoint:     0.00 M1:    50.55 M3:    49.45Count:      295 Pitch:     3.33 Setpoint:     0.00 M1:    51.28 M3:    48.72Count:      296 Pitch:     2.87 Setpoint:     0.00 M1:    52.00 M3:    48.00Count:      297 Pitch:     2.51 Setpoint:     0.00 M1:    52.00 M3:    48.00Count:      298 Pitch:     2.65 Setpoint:     0.00 M1:    48.89 M3:    51.11Count:      299 Pitch:     2.77 Setpoint:     0.00 M1:    48.00 M3:    52.00Count:      300 Pitch:     2.51 Setpoint:     0.00 M1:    48.61 M3:    51.39Count:      301 Pitch:     3.05 Setpoint:     0.00 M1:    48.00 M3:    52.00Count:      302 Pitch:     3.89 Setpoint:     0.00 M1:    48.00 M3:    52.00Count:      303 Pitch:     2.61 Setpoint:     0.00 M1:    52.00 M3:    48.00Count:      304 Pitch:     2.00 Setpoint:     0.00 M1:    52.00 M3:    48.00Count:      305 Pitch:     2.45 Setpoint:     0.00 M1:    48.00 M3:    52.00Count:      306 Pitch:     2.24 Setpoint:     0.00 M1:    48.12 M3:    51.88Count:      307 Pitch:     3.47 Setpoint:     0.00 M1:    48.00 M3:    52.00Count:      308 Pitch:     3.46 Setpoint:     0.00 M1:    48.00 M3:    52.00Count:      309 Pitch:     3.32 Setpoint:     0.00 M1:    48.00 M3:    52.00Count:      310 Pitch:     3.68 Setpoint:     0.00 M1:    48.00 M3:    52.00Count:      311 Pitch:     3.15 Setpoint:     0.00 M1:    50.84 M3:    49.16Count:      312 Pitch:     3.33 Setpoint:     0.00 M1:    48.00 M3:    52.00Count:      313 Pitch:     3.11 Setpoint:     0.00 M1:    48.00 M3:    52.00Count:      314 Pitch:     3.26 Setpoint:     0.00 M1:    48.00 M3:    52.00Count:      315 Pitch:     2.44 Setpoint:     0.00 M1:    52.00 M3:    48.00Count:      316 Pitch:     3.15 Setpoint:     0.00 M1:    48.00 M3:    52.00Count:      317 Pitch:     3.21 Setpoint:     0.00 M1:    48.00 M3:    52.00Count:      318 Pitch:     2.33 Setpoint:     0.00 M1:    52.00 M3:    48.00Count:      319 Pitch:     1.11 Setpoint:     0.00 M1:    52.00 M3:    48.00Count:      320 Pitch:     0.74 Setpoint:     0.00 M1:    52.00 M3:    48.00Count:      321 Pitch:     1.75 Setpoint:     0.00 M1:    48.00 M3:    52.00Count:      322 Pitch:     1.31 Setpoint:     0.00 M1:    50.56 M3:    49.44Count:      323 Pitch:     1.68 Setpoint:     0.00 M1:    48.00 M3:    52.00Count:      324 Pitch:     1.45 Setpoint:     0.00 M1:    48.58 M3:    51.42Count:      325 Pitch:     0.08 Setpoint:     0.00 M1:    52.00 M3:    48.00Count:      326 Pitch:     0.66 Setpoint:     0.00 M1:    48.00 M3:    52.00Count:      327 Pitch:     0.77 Setpoint:     0.00 M1:    48.00 M3:    52.00Count:      328 Pitch:     0.11 Setpoint:     0.00 M1:    52.00 M3:    48.00Count:      329 Pitch:     0.67 Setpoint:     0.00 M1:    48.00 M3:    52.00Count:      330 Pitch:     1.19 Setpoint:     0.00 M1:    48.00 M3:    52.00Count:      331 Pitch:     1.08 Setpoint:     0.00 M1:    48.00 M3:    52.00Count:      332 Pitch:     0.58 Setpoint:     0.00 M1:    51.01 M3:    48.99Count:      333 Pitch:     0.67 Setpoint:     0.00 M1:    48.87 M3:    51.13Count:      334 Pitch:     0.33 Setpoint:     0.00 M1:    50.71 M3:    49.29Count:      335 Pitch:     0.36 Setpoint:     0.00 M1:    49.14 M3:    50.86Count:      336 Pitch:     0.74 Setpoint:     0.00 M1:    48.00 M3:    52.00Count:      337 Pitch:     0.89 Setpoint:     0.00 M1:    48.00 M3:    52.00Count:      338 Pitch:     1.16 Setpoint:     0.00 M1:    48.00 M3:    52.00Count:      339 Pitch:     1.24 Setpoint:     0.00 M1:    48.00 M3:    52.00Count:      340 Pitch:    -0.08 Setpoint:     0.00 M1:    52.00 M3:    48.00Count:      341 Pitch:     0.47 Setpoint:     0.00 M1:    48.00 M3:    52.00Count:      342 Pitch:    -1.47 Setpoint:     0.00 M1:    52.00 M3:    48.00Count:      343 Pitch:    -2.35 Setpoint:     0.00 M1:    52.00 M3:    48.00Count:      344 Pitch:    -2.07 Setpoint:     0.00 M1:    48.84 M3:    51.16Count:      345 Pitch:    -1.32 Setpoint:     0.00 M1:    48.00 M3:    52.00Count:      346 Pitch:    -1.41 Setpoint:     0.00 M1:    48.09 M3:    51.91Count:      347 Pitch:    -1.50 Setpoint:     0.00 M1:    48.22 M3:    51.78Count:      348 Pitch:    -0.99 Setpoint:     0.00 M1:    48.00 M3:    52.00Count:      349 Pitch:    -0.09 Setpoint:     0.00 M1:    48.00 M3:    52.00Count:      350 Pitch:    -0.50 Setpoint:     0.00 M1:    50.81 M3:    49.19Count:      351 Pitch:    -1.43 Setpoint:     0.00 M1:    52.00 M3:    48.00Count:      352 Pitch:    -2.25 Setpoint:     0.00 M1:    52.00 M3:    48.00Count:      353 Pitch:    -3.22 Setpoint:     0.00 M1:    52.00 M3:    48.00Count:      354 Pitch:    -3.62 Setpoint:     0.00 M1:    52.00 M3:    48.00Count:      355 Pitch:    -3.96 Setpoint:     0.00 M1:    52.00 M3:    48.00Count:      356 Pitch:    -4.36 Setpoint:     0.00 M1:    52.00 M3:    48.00Count:      357 Pitch:    -4.54 Setpoint:     0.00 M1:    52.00 M3:    48.00Count:      358 Pitch:    -4.86 Setpoint:     0.00 M1:    52.00 M3:    48.00Count:      359 Pitch:    -6.57 Setpoint:     0.00 M1:    52.00 M3:    48.00Count:      360 Pitch:    -5.59 Setpoint:     0.00 M1:    48.00 M3:    52.00Count:      361 Pitch:    -4.87 Setpoint:     0.00 M1:    48.00 M3:    52.00Count:      362 Pitch:    -4.41 Setpoint:     0.00 M1:    48.00 M3:    52.00Count:      363 Pitch:    -4.02 Setpoint:     0.00 M1:    48.00 M3:    52.00Count:      364 Pitch:    -2.41 Setpoint:     0.00 M1:    48.00 M3:    52.00Count:      365 Pitch:    -1.86 Setpoint:     0.00 M1:    48.00 M3:    52.00Count:      366 Pitch:    -2.18 Setpoint:     0.00 M1:    50.37 M3:    49.63Count:      367 Pitch:    -2.00 Setpoint:     0.00 M1:    48.25 M3:    51.75Count:      368 Pitch:    -0.93 Setpoint:     0.00 M1:    48.00 M3:    52.00Count:      369 Pitch:    -0.69 Setpoint:     0.00 M1:    48.00 M3:    52.00Count:      370 Pitch:    -0.92 Setpoint:     0.00 M1:    49.27 M3:    50.73Count:      371 Pitch:     0.33 Setpoint:     0.00 M1:    48.00 M3:    52.00Count:      372 Pitch:     0.13 Setpoint:     0.00 M1:    48.74 M3:    51.26Count:      373 Pitch:    -0.52 Setpoint:     0.00 M1:    52.00 M3:    48.00Count:      374 Pitch:    -0.79 Setpoint:     0.00 M1:    52.00 M3:    48.00Count:      375 Pitch:    -0.48 Setpoint:     0.00 M1:    48.12 M3:    51.88Count:      376 Pitch:    -0.38 Setpoint:     0.00 M1:    48.00 M3:    52.00Count:      377 Pitch:    -0.47 Setpoint:     0.00 M1:    48.00 M3:    52.00Count:      378 Pitch:    -0.11 Setpoint:     0.00 M1:    48.00 M3:    52.00Count:      379 Pitch:     0.22 Setpoint:     0.00 M1:    48.00 M3:    52.00Count:      380 Pitch:     0.42 Setpoint:     0.00 M1:    48.00 M3:    52.00Count:      381 Pitch:     0.72 Setpoint:     0.00 M1:    48.00 M3:    52.00Count:      382 Pitch:     0.62 Setpoint:     0.00 M1:    48.00 M3:    52.00Count:      383 Pitch:     0.18 Setpoint:     0.00 M1:    50.68 M3:    49.32Count:      384 Pitch:     0.03 Setpoint:     0.00 M1:    50.97 M3:    49.03Count:      385 Pitch:    -0.67 Setpoint:     0.00 M1:    52.00 M3:    48.00Count:      386 Pitch:    -1.70 Setpoint:     0.00 M1:    52.00 M3:    48.00Count:      387 Pitch:    -1.78 Setpoint:     0.00 M1:    52.00 M3:    48.00Count:      388 Pitch:    -1.74 Setpoint:     0.00 M1:    51.02 M3:    48.98Count:      389 Pitch:    -0.89 Setpoint:     0.00 M1:    48.00 M3:    52.00Count:      390 Pitch:    -1.01 Setpoint:     0.00 M1:    48.40 M3:    51.60Count:      391 Pitch:    -1.44 Setpoint:     0.00 M1:    51.71 M3:    48.29Count:      392 Pitch:    -0.25 Setpoint:     0.00 M1:    48.00 M3:    52.00Count:      393 Pitch:    -0.05 Setpoint:     0.00 M1:    48.00 M3:    52.00Count:      394 Pitch:    -0.14 Setpoint:     0.00 M1:    48.00 M3:    52.00Count:      395 Pitch:    -0.39 Setpoint:     0.00 M1:    49.41 M3:    50.59Count:      396 Pitch:    -0.32 Setpoint:     0.00 M1:    48.00 M3:    52.00Count:      397 Pitch:    -0.48 Setpoint:     0.00 M1:    48.54 M3:    51.46Count:      398 Pitch:    -0.73 Setpoint:     0.00 M1:    50.02 M3:    49.98Count:      399 Pitch:     0.17 Setpoint:     0.00 M1:    48.00 M3:    52.00Count:      400 Pitch:    -1.24 Setpoint:     0.00 M1:    52.00 M3:    48.00Count:      401 Pitch:    -2.43 Setpoint:     0.00 M1:    52.00 M3:    48.00Count:      402 Pitch:    -1.77 Setpoint:     0.00 M1:    48.00 M3:    52.00Count:      403 Pitch:    -1.78 Setpoint:     0.00 M1:    48.00 M3:    52.00Count:      404 Pitch:    -1.98 Setpoint:     0.00 M1:    49.40 M3:    50.60Count:      405 Pitch:    -2.54 Setpoint:     0.00 M1:    52.00 M3:    48.00Count:      406 Pitch:    -1.82 Setpoint:     0.00 M1:    48.00 M3:    52.00Count:      407 Pitch:    -0.57 Setpoint:     0.00 M1:    48.00 M3:    52.00Count:      408 Pitch:    -2.09 Setpoint:     0.00 M1:    52.00 M3:    48.00Count:      409 Pitch:    -2.56 Setpoint:     0.00 M1:    52.00 M3:    48.00Count:      410 Pitch:    -2.61 Setpoint:     0.00 M1:    52.00 M3:    48.00Count:      411 Pitch:    -2.66 Setpoint:     0.00 M1:    52.00 M3:    48.00Count:      412 Pitch:    -3.16 Setpoint:     0.00 M1:    52.00 M3:    48.00Count:      413 Pitch:    -2.54 Setpoint:     0.00 M1:    48.00 M3:    52.00Count:      414 Pitch:    -1.53 Setpoint:     0.00 M1:    48.00 M3:    52.00Count:      415 Pitch:    -2.18 Setpoint:     0.00 M1:    52.00 M3:    48.00Count:      416 Pitch:    -1.40 Setpoint:     0.00 M1:    48.00 M3:    52.00Count:      417 Pitch:    -1.11 Setpoint:     0.00 M1:    48.00 M3:    52.00Count:      418 Pitch:    -1.48 Setpoint:     0.00 M1:    50.89 M3:    49.11Count:      419 Pitch:    -1.18 Setpoint:     0.00 M1:    48.00 M3:    52.00Count:      420 Pitch:    -1.07 Setpoint:     0.00 M1:    48.00 M3:    52.00Count:      421 Pitch:    -1.24 Setpoint:     0.00 M1:    48.98 M3:    51.02Count:      422 Pitch:    -1.76 Setpoint:     0.00 M1:    52.00 M3:    48.00Count:      423 Pitch:    -1.99 Setpoint:     0.00 M1:    52.00 M3:    48.00Count:      424 Pitch:    -0.85 Setpoint:     0.00 M1:    48.00 M3:    52.00Count:      425 Pitch:    -1.16 Setpoint:     0.00 M1:    50.20 M3:    49.80Count:      426 Pitch:    -1.89 Setpoint:     0.00 M1:    52.00 M3:    48.00Count:      427 Pitch:    -1.82 Setpoint:     0.00 M1:    50.92 M3:    49.08Count:      428 Pitch:    -1.27 Setpoint:     0.00 M1:    48.00 M3:    52.00Count:      429 Pitch:    -0.97 Setpoint:     0.00 M1:    48.00 M3:    52.00Count:      430 Pitch:    -0.20 Setpoint:     0.00 M1:    48.00 M3:    52.00Count:      431 Pitch:     0.76 Setpoint:     0.00 M1:    48.00 M3:    52.00Count:      432 Pitch:     0.71 Setpoint:     0.00 M1:    48.00 M3:    52.00Count:      433 Pitch:    -0.31 Setpoint:     0.00 M1:    52.00 M3:    48.00Count:      434 Pitch:     0.21 Setpoint:     0.00 M1:    48.00 M3:    52.00Count:      435 Pitch:    -0.07 Setpoint:     0.00 M1:    49.53 M3:    50.47Count:      436 Pitch:    -1.10 Setpoint:     0.00 M1:    52.00 M3:    48.00Count:      437 Pitch:    -1.35 Setpoint:     0.00 M1:    52.00 M3:    48.00Count:      438 Pitch:    -1.33 Setpoint:     0.00 M1:    51.17 M3:    48.83Count:      439 Pitch:    -0.24 Setpoint:     0.00 M1:    48.00 M3:    52.00Count:      440 Pitch:     0.25 Setpoint:     0.00 M1:    48.00 M3:    52.00Count:      441 Pitch:     0.23 Setpoint:     0.00 M1:    48.00 M3:    52.00Count:      442 Pitch:     0.25 Setpoint:     0.00 M1:    48.00 M3:    52.00Count:      443 Pitch:     0.71 Setpoint:     0.00 M1:    48.00 M3:    52.00Count:      444 Pitch:     0.90 Setpoint:     0.00 M1:    48.00 M3:    52.00Count:      445 Pitch:     1.32 Setpoint:     0.00 M1:    48.00 M3:    52.00Count:      446 Pitch:     0.19 Setpoint:     0.00 M1:    52.00 M3:    48.00Count:      447 Pitch:    -0.30 Setpoint:     0.00 M1:    52.00 M3:    48.00Count:      448 Pitch:    -0.43 Setpoint:     0.00 M1:    52.00 M3:    48.00Count:      449 Pitch:    -1.32 Setpoint:     0.00 M1:    52.00 M3:    48.00Count:      450 Pitch:    -1.01 Setpoint:     0.00 M1:    48.47 M3:    51.53Count:      451 Pitch:    -0.78 Setpoint:     0.00 M1:    48.00 M3:    52.00Count:      452 Pitch:    -0.07 Setpoint:     0.00 M1:    48.00 M3:    52.00Count:      453 Pitch:    -1.48 Setpoint:     0.00 M1:    52.00 M3:    48.00Count:      454 Pitch:    -0.30 Setpoint:     0.00 M1:    48.00 M3:    52.00Count:      455 Pitch:    -1.45 Setpoint:     0.00 M1:    52.00 M3:    48.00Count:      456 Pitch:    -1.60 Setpoint:     0.00 M1:    52.00 M3:    48.00Count:      457 Pitch:    -0.13 Setpoint:     0.00 M1:    48.00 M3:    52.00Count:      458 Pitch:    -0.14 Setpoint:     0.00 M1:    48.00 M3:    52.00Count:      459 Pitch:    -0.65 Setpoint:     0.00 M1:    51.90 M3:    48.10Count:      460 Pitch:    -1.68 Setpoint:     0.00 M1:    52.00 M3:    48.00Count:      461 Pitch:    -1.86 Setpoint:     0.00 M1:    52.00 M3:    48.00Count:      462 Pitch:    -1.56 Setpoint:     0.00 M1:    48.67 M3:    51.33Count:      463 Pitch:    -2.01 Setpoint:     0.00 M1:    52.00 M3:    48.00Count:      464 Pitch:    -2.33 Setpoint:     0.00 M1:    52.00 M3:    48.00Count:      465 Pitch:    -1.57 Setpoint:     0.00 M1:    48.00 M3:    52.00Count:      466 Pitch:    -1.25 Setpoint:     0.00 M1:    48.00 M3:    52.00Count:      467 Pitch:    -1.24 Setpoint:     0.00 M1:    48.00 M3:    52.00Count:      468 Pitch:    -1.59 Setpoint:     0.00 M1:    50.51 M3:    49.49Count:      469 Pitch:    -1.74 Setpoint:     0.00 M1:    51.46 M3:    48.54Count:      470 Pitch:    -2.31 Setpoint:     0.00 M1:    52.00 M3:    48.00Count:      471 Pitch:    -2.03 Setpoint:     0.00 M1:    48.95 M3:    51.05Count:      472 Pitch:    -1.20 Setpoint:     0.00 M1:    48.00 M3:    52.00Count:      473 Pitch:    -0.84 Setpoint:     0.00 M1:    48.00 M3:    52.00Count:      474 Pitch:    -1.08 Setpoint:     0.00 M1:    49.58 M3:    50.42Count:      475 Pitch:    -1.15 Setpoint:     0.00 M1:    49.53 M3:    50.47Count:      476 Pitch:    -1.39 Setpoint:     0.00 M1:    51.27 M3:    48.73Count:      477 Pitch:    -2.41 Setpoint:     0.00 M1:    52.00 M3:    48.00Count:      478 Pitch:    -2.80 Setpoint:     0.00 M1:    52.00 M3:    48.00Count:      479 Pitch:    -3.01 Setpoint:     0.00 M1:    52.00 M3:    48.00Count:      480 Pitch:    -3.70 Setpoint:     0.00 M1:    52.00 M3:    48.00Count:      481 Pitch:    -3.53 Setpoint:     0.00 M1:    50.49 M3:    49.51Count:      482 Pitch:    -3.89 Setpoint:     0.00 M1:    52.00 M3:    48.00Count:      483 Pitch:    -5.16 Setpoint:     0.00 M1:    52.00 M3:    48.00Count:      484 Pitch:    -4.41 Setpoint:     0.00 M1:    48.00 M3:    52.00Count:      485 Pitch:    -3.66 Setpoint:     0.00 M1:    48.00 M3:    52.00Count:      486 Pitch:    -3.14 Setpoint:     0.00 M1:    48.00 M3:    52.00Count:      487 Pitch:    -3.57 Setpoint:     0.00 M1:    52.00 M3:    48.00Count:      488 Pitch:    -4.59 Setpoint:     0.00 M1:    52.00 M3:    48.00Count:      489 Pitch:    -3.45 Setpoint:     0.00 M1:    48.00 M3:    52.00Count:      490 Pitch:    -3.38 Setpoint:     0.00 M1:    48.00 M3:    52.00Count:      491 Pitch:    -3.48 Setpoint:     0.00 M1:    49.10 M3:    50.90Count:      492 Pitch:    -2.83 Setpoint:     0.00 M1:    48.00 M3:    52.00Count:      493 Pitch:    -2.77 Setpoint:     0.00 M1:    48.00 M3:    52.00Count:      494 Pitch:    -2.82 Setpoint:     0.00 M1:    48.42 M3:    51.58Count:      495 Pitch:    -1.34 Setpoint:     0.00 M1:    48.00 M3:    52.00Count:      496 Pitch:    -0.37 Setpoint:     0.00 M1:    48.00 M3:    52.00Count:      497 Pitch:    -0.59 Setpoint:     0.00 M1:    49.26 M3:    50.74Count:      498 Pitch:    -1.18 Setpoint:     0.00 M1:    52.00 M3:    48.00Count:      499 Pitch:    -1.11 Setpoint:     0.00 M1:    50.79 M3:    49.21Count:      500 Pitch:    -0.08 Setpoint:     0.00 M1:    48.00 M3:    52.00Count:      501 Pitch:    -1.00 Setpoint:     0.00 M1:    52.00 M3:    48.00Count:      502 Pitch:    -1.61 Setpoint:     0.00 M1:    52.00 M3:    48.00Count:      503 Pitch:    -1.26 Setpoint:     0.00 M1:    48.24 M3:    51.76Count:      504 Pitch:    -1.25 Setpoint:     0.00 M1:    48.00 M3:    52.00Count:      505 Pitch:    -0.68 Setpoint:     0.00 M1:    48.00 M3:    52.00Count:      506 Pitch:    -0.79 Setpoint:     0.00 M1:    48.38 M3:    51.62Count:      507 Pitch:    -1.10 Setpoint:     0.00 M1:    50.73 M3:    49.27Count:      508 Pitch:    -2.13 Setpoint:     0.00 M1:    52.00 M3:    48.00Count:      509 Pitch:    -2.03 Setpoint:     0.00 M1:    50.87 M3:    49.13Count:      510 Pitch:    -1.29 Setpoint:     0.00 M1:    48.00 M3:    52.00Count:      511 Pitch:    -1.64 Setpoint:     0.00 M1:    50.81 M3:    49.19Count:      512 Pitch:    -1.07 Setpoint:     0.00 M1:    48.00 M3:    52.00Count:      513 Pitch:    -0.86 Setpoint:     0.00 M1:    48.00 M3:    52.00Count:      514 Pitch:    -2.66 Setpoint:     0.00 M1:    52.00 M3:    48.00Count:      515 Pitch:    -1.28 Setpoint:     0.00 M1:    48.00 M3:    52.00Count:      516 Pitch:    -1.10 Setpoint:     0.00 M1:    48.00 M3:    52.00Count:      517 Pitch:    -2.33 Setpoint:     0.00 M1:    52.00 M3:    48.00Count:     