Tests:  3.00000Pitch Axis TestCount: %f Pitch: %f Setpoint: %f M1: %f M3: %fPID values:  0.50000,  0.08000,  0.14000 Motor Max/Min: 52.00000, 48.00000 Gyro Weight:  0.98000Count:        1 Pitch:     3.70 Setpoint:     0.00 M1:    48.00 M3:    49.99Count:        2 Pitch:     3.73 Setpoint:     0.00 M1:    48.00 M3:    52.00Count:        3 Pitch:     3.76 Setpoint:     0.00 M1:    48.00 M3:    52.00Count:        4 Pitch:     3.78 Setpoint:     0.00 M1:    48.00 M3:    52.00Count:        5 Pitch:     3.80 Setpoint:     0.00 M1:    48.00 M3:    52.00Count:        6 Pitch:     3.82 Setpoint:     0.00 M1:    48.00 M3:    52.00Count:        7 Pitch:     3.84 Setpoint:     0.00 M1:    48.00 M3:    52.00Count:        8 Pitch:     3.87 Setpoint:     0.00 M1:    48.00 M3:    52.00Count:        9 Pitch:     3.89 Setpoint:     0.00 M1:    48.00 M3:    52.00Count:       10 Pitch:     3.90 Setpoint:     0.00 M1:    48.00 M3:    52.00Count:       11 Pitch:     3.93 Setpoint:     0.00 M1:    48.00 M3:    52.00Count:       12 Pitch:     3.94 Setpoint:     0.00 M1:    48.00 M3:    52.00Count:       13 Pitch:     4.01 Setpoint:     0.00 M1:    48.00 M3:    52.00Count:       14 Pitch:     4.12 Setpoint:     0.00 M1:    48.00 M3:    52.00Count:       15 Pitch:     4.18 Setpoint:     0.00 M1:    48.00 M3:    52.00Count:       16 Pitch:     4.25 Setpoint:     0.00 M1:    48.00 M3:    52.00Count:       17 Pitch:     4.23 Setpoint:     0.00 M1:    48.00 M3:    52.00Count:       18 Pitch:     4.21 Setpoint:     0.00 M1:    48.00 M3:    52.00Count:       19 Pitch:     4.29 Setpoint:     0.00 M1:    48.00 M3:    52.00Count:       20 Pitch:     4.19 Setpoint:     0.00 M1:    48.00 M3:    52.00Count:       21 Pitch:     4.29 Setpoint:     0.00 M1:    48.00 M3:    52.00Count:       22 Pitch:     4.25 Setpoint:     0.00 M1:    48.00 M3:    52.00Count:       23 Pitch:     4.39 Setpoint:     0.00 M1:    48.00 M3:    52.00Count:       24 Pitch:     4.39 Setpoint:     0.00 M1:    48.00 M3:    52.00Count:       25 Pitch:     4.09 Setpoint:     0.00 M1:    48.61 M3:    51.39Count:       26 Pitch:     4.01 Setpoint:     0.00 M1:    48.00 M3:    52.00Count:       27 Pitch:     4.47 Setpoint:     0.00 M1:    48.00 M3:    52.00Count:       28 Pitch:     5.26 Setpoint:     0.00 M1:    48.00 M3:    52.00Count:       29 Pitch:     5.56 Setpoint:     0.00 M1:    48.00 M3:    52.00Count:       30 Pitch:     6.91 Setpoint:     0.00 M1:    48.00 M3:    52.00Count:       31 Pitch:     7.27 Setpoint:     0.00 M1:    48.00 M3:    52.00Count:       32 Pitch:     7.72 Setpoint:     0.00 M1:    48.00 M3:    52.00Count:       33 Pitch:     8.35 Setpoint:     0.00 M1:    48.00 M3:    52.00Count:       34 Pitch:     7.27 Setpoint:     0.00 M1:    52.00 M3:    48.00Count:       35 Pitch:     6.73 Setpoint:     0.00 M1:    52.00 M3:    48.00Count:       36 Pitch:     5.35 Setpoint:     0.00 M1:    52.00 M3:    48.00Count:       37 Pitch:     6.38 Setpoint:     0.00 M1:    48.00 M3:    52.00Count:       38 Pitch:     6.56 Setpoint:     0.00 M1:    48.00 M3:    52.00Count:       39 Pitch:     8.89 Setpoint:     0.00 M1:    48.00 M3:    52.00Count:       40 Pitch:     6.52 Setpoint:     0.00 M1:    52.00 M3:    48.00Count:       41 Pitch:     5.26 Setpoint:     0.00 M1:    52.00 M3:    48.00Count:       42 Pitch:     4.65 Setpoint:     0.00 M1:    52.00 M3:    48.00Count:       43 Pitch:     5.11 Setpoint:     0.00 M1:    48.00 M3:    52.00Count:       44 Pitch:     6.74 Setpoint:     0.00 M1:    48.00 M3:    52.00Count:       45 Pitch:     7.04 Setpoint:     0.00 M1:    48.00 M3:    52.00Count:       46 Pitch:     8.58 Setpoint:     0.00 M1:    48.00 M3:    52.00Count:       47 Pitch:     8.51 Setpoint:     0.00 M1:    48.00 M3:    52.00Count:       48 Pitch:     7.18 Setpoint:     0.00 M1:    52.00 M3:    48.00Count:       49 Pitch:     7.51 Setpoint:     0.00 M1:    48.00 M3:    52.00Count:       50 Pitch:     8.42 Setpoint:     0.00 M1:    48.00 M3:    52.00Count:       51 Pitch:     8.96 Setpoint:     0.00 M1:    48.00 M3:    52.00Count:       52 Pitch:     8.98 Setpoint:     0.00 M1:    48.00 M3:    52.00Count:       53 Pitch:     8.81 Setpoint:     0.00 M1:    48.00 M3:    52.00Count:       54 Pitch:     8.91 Setpoint:     0.00 M1:    48.00 M3:    52.00Count:       55 Pitch:     8.03 Setpoint:     0.00 M1:    51.83 M3:    48.17Count:       56 Pitch:     7.03 Setpoint:     0.00 M1:    52.00 M3:    48.00Count:       57 Pitch:     6.46 Setpoint:     0.00 M1:    52.00 M3:    48.00Count:       58 Pitch:     6.84 Setpoint:     0.00 M1:    48.00 M3:    52.00Count:       59 Pitch:     6.85 Setpoint:     0.00 M1:    48.00 M3:    52.00Count:       60 Pitch:     5.76 Setpoint:     0.00 M1:    52.00 M3:    48.00Count:       61 Pitch:     6.52 Setpoint:     0.00 M1:    48.00 M3:    52.00Count:       62 Pitch:     7.56 Setpoint:     0.00 M1:    48.00 M3:    52.00Count:       63 Pitch:     7.43 Setpoint:     0.00 M1:    48.00 M3:    52.00Count:       64 Pitch:     6.65 Setpoint:     0.00 M1:    51.44 M3:    48.56Count:       65 Pitch:     6.24 Setpoint:     0.00 M1:    51.71 M3:    48.29Count:       66 Pitch:     6.87 Setpoint:     0.00 M1:    48.00 M3:    52.00Count:       67 Pitch:     6.54 Setpoint:     0.00 M1:    48.00 M3:    52.00Count:       68 Pitch:     6.48 Setpoint:     0.00 M1:    48.00 M3:    52.00Count:       69 Pitch:     6.65 Setpoint:     0.00 M1:    48.00 M3:    52.00Count:       70 Pitch:     7.47 Setpoint:     0.00 M1:    48.00 M3:    52.00Count:       71 Pitch:     5.64 Setpoint:     0.00 M1:    52.00 M3:    48.00Count:       72 Pitch:     5.13 Setpoint:     0.00 M1:    52.00 M3:    48.00Count:       73 Pitch:     5.00 Setpoint:     0.00 M1:    50.16 M3:    49.84Count:       74 Pitch:     4.09 Setpoint:     0.00 M1:    52.00 M3:    48.00Count:       75 Pitch:     3.26 Setpoint:     0.00 M1:    52.00 M3:    48.00Count:       76 Pitch:     3.66 Setpoint:     0.00 M1:    48.00 M3:    52.00Count:       77 Pitch:     3.48 Setpoint:     0.00 M1:    48.00 M3:    52.00Count:       78 Pitch:     2.03 Setpoint:     0.00 M1:    52.00 M3:    48.00Count:       79 Pitch:     2.26 Setpoint:     0.00 M1:    48.18 M3:    51.82Count:       80 Pitch:     0.78 Setpoint:     0.00 M1:    52.00 M3:    48.00Count:       81 Pitch:     0.64 Setpoint:     0.00 M1:    52.00 M3:    48.00Count:       82 Pitch:     1.30 Setpoint:     0.00 M1:    48.00 M3:    52.00Count:       83 Pitch:     1.89 Setpoint:     0.00 M1:    48.00 M3:    52.00Count:       84 Pitch:     1.75 Setpoint:     0.00 M1:    48.00 M3:    52.00Count:       85 Pitch:     2.43 Setpoint:     0.00 M1:    48.00 M3:    52.00Count:       86 Pitch:     3.31 Setpoint:     0.00 M1:    48.00 M3:    52.00Count:       87 Pitch:     2.58 Setpoint:     0.00 M1:    52.00 M3:    48.00Count:       88 Pitch:     2.88 Setpoint:     0.00 M1:    48.00 M3:    52.00Count:       89 Pitch:     3.76 Setpoint:     0.00 M1:    48.00 M3:    52.00Count:       90 Pitch:     3.65 Setpoint:     0.00 M1:    48.00 M3:    52.00Count:       91 Pitch:     2.57 Setpoint:     0.00 M1:    52.00 M3:    48.00Count:       92 Pitch:     3.19 Setpoint:     0.00 M1:    48.00 M3:    52.00Count:       93 Pitch:     2.00 Setpoint:     0.00 M1:    52.00 M3:    48.00Count:       94 Pitch:     1.23 Setpoint:     0.00 M1:    52.00 M3:    48.00Count:       95 Pitch:     0.48 Setpoint:     0.00 M1:    52.00 M3:    48.00Count:       96 Pitch:     1.36 Setpoint:     0.00 M1:    48.00 M3:    52.00Count:       97 Pitch:     0.25 Setpoint:     0.00 M1:    52.00 M3:    48.00Count:       98 Pitch:    -0.72 Setpoint:     0.00 M1:    52.00 M3:    48.00Count:       99 Pitch:    -0.36 Setpoint:     0.00 M1:    48.22 M3:    51.78Count:      100 Pitch:    -0.17 Setpoint:     0.00 M1:    48.00 M3:    52.00Count:      101 Pitch:    -0.63 Setpoint:     0.00 M1:    51.96 M3:    48.04Count:      102 Pitch:    -0.98 Setpoint:     0.00 M1:    52.00 M3:    48.00Count:      103 Pitch:    -0.16 Setpoint:     0.00 M1:    48.00 M3:    52.00Count:      104 Pitch:    -0.22 Setpoint:     0.00 M1:    48.10 M3:    51.90Count:      105 Pitch:    -0.33 Setpoint:     0.00 M1:    48.69 M3:    51.31Count:      106 Pitch:     0.28 Setpoint:     0.00 M1:    48.00 M3:    52.00Count:      107 Pitch:    -0.21 Setpoint:     0.00 M1:    52.00 M3:    48.00Count:      108 Pitch:     0.23 Setpoint:     0.00 M1:    48.00 M3:    52.00Count:      109 Pitch:     1.30 Setpoint:     0.00 M1:    48.00 M3:    52.00Count:      110 Pitch:     1.14 Setpoint:     0.00 M1:    48.31 M3:    51.69Count:      111 Pitch:     1.46 Setpoint:     0.00 M1:    48.00 M3:    52.00Count:      112 Pitch:     2.61 Setpoint:     0.00 M1:    48.00 M3:    52.00Count:      113 Pitch:     2.45 Setpoint:     0.00 M1:    48.00 M3:    52.00Count:      114 Pitch:     1.62 Setpoint:     0.00 M1:    52.00 M3:    48.00Count:      115 Pitch:     2.60 Setpoint:     0.00 M1:    48.00 M3:    52.00Count:      116 Pitch:     3.20 Setpoint:     0.00 M1:    48.00 M3:    52.00Count:      117 Pitch:     3.17 Setpoint:     0.00 M1:    48.00 M3:    52.00Count:      118 Pitch:     2.77 Setpoint:     0.00 M1:    49.72 M3:    50.28Count:      119 Pitch:     2.98 Setpoint:     0.00 M1:    48.00 M3:    52.00Count:      120 Pitch:     2.35 Setpoint:     0.00 M1:    52.00 M3:    48.00Count:      121 Pitch:     3.31 Setpoint:     0.00 M1:    48.00 M3:    52.00Count:      122 Pitch:     3.09 Setpoint:     0.00 M1:    48.00 M3:    52.00Count:      123 Pitch:     3.81 Setpoint:     0.00 M1:    48.00 M3:    52.00Count:      124 Pitch:     3.97 Setpoint:     0.00 M1:    48.00 M3:    52.00Count:      125 Pitch:     4.17 Setpoint:     0.00 M1:    48.00 M3:    52.00Count:      126 Pitch:     4.16 Setpoint:     0.00 M1:    48.00 M3:    52.00Count:      127 Pitch:     3.42 Setpoint:     0.00 M1:    52.00 M3:    48.00Count:      128 Pitch:     3.31 Setpoint:     0.00 M1:    50.78 M3:    49.22Count:      129 Pitch:     3.26 Setpoint:     0.00 M1:    48.93 M3:    51.07Count:      130 Pitch:     1.37 Setpoint:     0.00 M1:    52.00 M3:    48.00Count:      131 Pitch:     1.08 Setpoint:     0.00 M1:    52.00 M3:    48.00Count:      132 Pitch:     0.75 Setpoint:     0.00 M1:    52.00 M3:    48.00Count:      133 Pitch:     0.20 Setpoint:     0.00 M1:    52.00 M3:    48.00Count:      134 Pitch:     0.68 Setpoint:     0.00 M1:    48.00 M3:    52.00Count:      135 Pitch:     0.65 Setpoint:     0.00 M1:    48.00 M3:    52.00Count:      136 Pitch:     0.24 Setpoint:     0.00 M1:    51.10 M3:    48.90Count:      137 Pitch:     0.13 Setpoint:     0.00 M1:    51.41 M3:    48.59Count:      138 Pitch:     0.12 Setpoint:     0.00 M1:    50.80 M3:    49.20Count:      139 Pitch:    -1.04 Setpoint:     0.00 M1:    52.00 M3:    48.00Count:      140 Pitch:    -1.32 Setpoint:     0.00 M1:    52.00 M3:    48.00Count:      141 Pitch:    -1.74 Setpoint:     0.00 M1:    52.00 M3:    48.00Count:      142 Pitch:    -1.18 Setpoint:     0.00 M1:    48.00 M3:    52.00Count:      143 Pitch:    -2.85 Setpoint:     0.00 M1:    52.00 M3:    48.00Count:      144 Pitch:    -1.42 Setpoint:     0.00 M1:    48.00 M3:    52.00Count:      145 Pitch:    -2.02 Setpoint:     0.00 M1:    52.00 M3:    48.00Count:      146 Pitch:    -1.16 Setpoint:     0.00 M1:    48.00 M3:    52.00Count:      147 Pitch:    -0.16 Setpoint:     0.00 M1:    48.00 M3:    52.00Count:      148 Pitch:    -0.79 Setpoint:     0.00 M1:    52.00 M3:    48.00Count:      149 Pitch:    -1.10 Setpoint:     0.00 M1:    52.00 M3:    48.00Count:      150 Pitch:    -0.05 Setpoint:     0.00 M1:    48.00 M3:    52.00Count:      151 Pitch:     0.24 Setpoint:     0.00 M1:    48.00 M3:    52.00Count:      152 Pitch:     0.46 Setpoint:     0.00 M1:    48.00 M3:    52.00Count:      153 Pitch:     1.22 Setpoint:     0.00 M1:    48.00 M3:    52.00Count:      154 Pitch:     1.09 Setpoint:     0.00 M1:    48.00 M3:    52.00Count:      155 Pitch:     1.01 Setpoint:     0.00 M1:    48.00 M3:    52.00Count:      156 Pitch:     1.27 Setpoint:     0.00 M1:    48.00 M3:    52.00Count:      157 Pitch:     2.52 Setpoint:     0.00 M1:    48.00 M3:    52.00Count:      158 Pitch:     2.88 Setpoint:     0.00 M1:    48.00 M3:    52.00Count:      159 Pitch:     2.93 Setpoint:     0.00 M1:    48.00 M3:    52.00Count:      160 Pitch:     3.67 Setpoint:     0.00 M1:    48.00 M3:    52.00Count:      161 Pitch:     3.87 Setpoint:     0.00 M1:    48.00 M3:    52.00Count:      162 Pitch:     2.83 Setpoint:     0.00 M1:    52.00 M3:    48.00Count:      163 Pitch:     2.77 Setpoint:     0.00 M1:    50.51 M3:    49.49Count:      164 Pitch:     2.70 Setpoint:     0.00 M1:    49.18 M3:    50.82Count:      165 Pitch:     2.96 Setpoint:     0.00 M1:    48.00 M3:    52.00Count:      166 Pitch:     1.62 Setpoint:     0.00 M1:    52.00 M3:    48.00Count:      167 Pitch:     1.13 Setpoint:     0.00 M1:    52.00 M3:    48.00Count:      168 Pitch:     0.91 Setpoint:     0.00 M1:    52.00 M3:    48.00Count:      169 Pitch:     1.94 Setpoint:     0.00 M1:    48.00 M3:    52.00Count:      170 Pitch:     2.24 Setpoint:     0.00 M1:    48.00 M3:    52.00Count:      171 Pitch:     3.80 Setpoint:     0.00 M1:    48.00 M3:    52.00Count:      172 Pitch:     4.47 Setpoint:     0.00 M1:    48.00 M3:    52.00Count:      173 Pitch:     3.63 Setpoint:     0.00 M1:    52.00 M3:    48.00Count:      174 Pitch:     3.51 Setpoint:     0.00 M1:    50.62 M3:    49.38Count:      175 Pitch:     3.37 Setpoint:     0.00 M1:    49.52 M3:    50.48Count:      176 Pitch:     3.84 Setpoint:     0.00 M1:    48.00 M3:    52.00Count:      177 Pitch:     4.17 Setpoint:     0.00 M1:    48.00 M3:    52.00Count:      178 Pitch:     4.28 Setpoint:     0.00 M1:    48.00 M3:    52.00Count:      179 Pitch:     4.97 Setpoint:     0.00 M1:    48.00 M3:    52.00Count:      180 Pitch:     4.25 Setpoint:     0.00 M1:    51.83 M3:    48.17Count:      181 Pitch:     3.63 Setpoint:     0.00 M1:    52.00 M3:    48.00Count:      182 Pitch:     3.19 Setpoint:     0.00 M1:    52.00 M3:    48.00Count:      183 Pitch:     3.47 Setpoint:     0.00 M1:    48.00 M3:    52.00Count:      184 Pitch:     3.45 Setpoint:     0.00 M1:    48.00 M3:    52.00Count:      185 Pitch:     2.77 Setpoint:     0.00 M1:    52.00 M3:    48.00Count:      186 Pitch:     3.57 Setpoint:     0.00 M1:    48.00 M3:    52.00Count:      187 Pitch:     3.69 Setpoint:     0.00 M1:    48.00 M3:    52.00Count:      188 Pitch:     3.46 Setpoint:     0.00 M1:    48.00 M3:    52.00Count:      189 Pitch:     3.98 Setpoint:     0.00 M1:    48.00 M3:    52.00Count:      190 Pitch:     4.37 Setpoint:     0.00 M1:    48.00 M3:    52.00Count:      191 Pitch:     4.54 Setpoint:     0.00 M1:    48.00 M3:    52.00Count:      192 Pitch:     5.77 Setpoint:     0.00 M1:    48.00 M3:    52.00Count:      193 Pitch:     7.70 Setpoint:     0.00 M1:    48.00 M3:    52.00Count:      194 Pitch:     6.58 Setpoint:     0.00 M1:    52.00 M3:    48.00Count:      195 Pitch:     5.94 Setpoint:     0.00 M1:    52.00 M3:    48.00Count:      196 Pitch:     5.69 Setpoint:     0.00 M1:    50.66 M3:    49.34Count:      197 Pitch:     6.48 Setpoint:     0.00 M1:    48.00 M3:    52.00Count:      198 Pitch:     6.36 Setpoint:     0.00 M1:    48.00 M3:    52.00Count:      199 Pitch:     5.57 Setpoint:     0.00 M1:    51.31 M3:    48.69Count:      200 Pitch:     5.48 Setpoint:     0.00 M1:    48.57 M3:    51.43Count:      201 Pitch:     5.92 Setpoint:     0.00 M1:    48.00 M3:    52.00Count:      202 Pitch:     5.36 Setpoint:     0.00 M1:    49.61 M3:    50.39Count:      203 Pitch:     5.31 Setpoint:     0.00 M1:    48.00 M3:    52.00Count:      204 Pitch:     5.70 Setpoint:     0.00 M1:    48.00 M3:    52.00Count:      205 Pitch:     5.19 Setpoint:     0.00 M1:    49.27 M3:    50.73Count:      206 Pitch:     4.51 Setpoint:     0.00 M1:    52.00 M3:    48.00Count:      207 Pitch:     3.86 Setpoint:     0.00 M1:    52.00 M3:    48.00Count:      208 Pitch:     3.09 Setpoint:     0.00 M1:    52.00 M3:    48.00Count:      209 Pitch:     2.68 Setpoint:     0.00 M1:    52.00 M3:    48.00Count:      210 Pitch:     2.34 Setpoint:     0.00 M1:    52.00 M3:    48.00Count:      211 Pitch:     2.46 Setpoint:     0.00 M1:    48.81 M3:    51.19Count:      212 Pitch:     1.62 Setpoint:     0.00 M1:    52.00 M3:    48.00Count:      213 Pitch:     1.68 Setpoint:     0.00 M1:    49.66 M3:    50.34Count:      214 Pitch:     1.88 Setpoint:     0.00 M1:    48.00 M3:    52.00Count:      215 Pitch:     1.69 Setpoint:     0.00 M1:    48.00 M3:    52.00Count:      216 Pitch:     1.25 Setpoint:     0.00 M1:    50.32 M3:    49.68Count:      217 Pitch:     2.63 Setpoint:     0.00 M1:    48.00 M3:    52.00Count:      218 Pitch:     2.18 Setpoint:     0.00 M1:    50.19 M3:    49.81Count:      219 Pitch:     3.74 Setpoint:     0.00 M1:    48.00 M3:    52.00Count:      220 Pitch:     3.68 Setpoint:     0.00 M1:    48.00 M3:    52.00Count:      221 Pitch:     3.96 Setpoint:     0.00 M1:    48.00 M3:    52.00Count:      222 Pitch:     5.36 Setpoint:     0.00 M1:    48.00 M3:    52.00Count:      223 Pitch:     4.54 Setpoint:     0.00 M1:    52.00 M3:    48.00Count:      224 Pitch:     4.23 Setpoint:     0.00 M1:    51.89 M3:    48.11Count:      225 Pitch:     3.13 Setpoint:     0.00 M1:    52.00 M3:    48.00Count:      226 Pitch:     3.71 Setpoint:     0.00 M1:    48.00 M3:    52.00Count:      227 Pitch:     4.49 Setpoint:     0.00 M1:    48.00 M3:    52.00Count:      228 Pitch:     3.63 Setpoint:     0.00 M1:    52.00 M3:    48.00Count:      229 Pitch:     4.17 Setpoint:     0.00 M1:    48.00 M3:    52.00Count:      230 Pitch:     4.62 Setpoint:     0.00 M1:    48.00 M3:    52.00Count:      231 Pitch:     5.39 Setpoint:     0.00 M1:    48.00 M3:    52.00Count:      232 Pitch:     5.70 Setpoint:     0.00 M1:    48.00 M3:    52.00Count:      233 Pitch:     5.28 Setpoint:     0.00 M1:    48.02 M3:    51.98Count:      234 Pitch:     5.13 Setpoint:     0.00 M1:    48.00 M3:    52.00Count:      235 Pitch:     6.05 Setpoint:     0.00 M1:    48.00 M3:    52.00Count:      236 Pitch:     6.33 Setpoint:     0.00 M1:    48.00 M3:    52.00Count:      237 Pitch:     5.34 Setpoint:     0.00 M1:    52.00 M3:    48.00Count:      238 Pitch:     5.63 Setpoint:     0.00 M1:    48.00 M3:    52.00Count:      239 Pitch:     5.42 Setpoint:     0.00 M1:    48.00 M3:    52.00Count:      240 Pitch:     5.58 Setpoint:     0.00 M1:    48.00 M3:    52.00Count:      241 Pitch:     5.82 Setpoint:     0.00 M1:    48.00 M3:    52.00Count:      242 Pitch:     6.23 Setpoint:     0.00 M1:    48.00 M3:    52.00Count:      243 Pitch:     4.82 Setpoint:     0.00 M1:    52.00 M3:    48.00Count:      244 Pitch:     4.46 Setpoint:     0.00 M1:    52.00 M3:    48.00Count:      245 Pitch:     4.33 Setpoint:     0.00 M1:    49.97 M3:    50.03Count:      246 Pitch:     3.84 Setpoint:     0.00 M1:    51.53 M3:    48.47Count:      247 Pitch:     3.28 Setpoint:     0.00 M1:    52.00 M3:    48.00Count:      248 Pitch:     3.07 Setpoint:     0.00 M1:    51.33 M3:    48.67Count:      249 Pitch:     3.94 Setpoint:     0.00 M1:    48.00 M3:    52.00Count:      250 Pitch:     3.33 Setpoint:     0.00 M1:    50.59 M3:    49.41Count:      251 Pitch:     2.43 Setpoint:     0.00 M1:    52.00 M3:    48.00Count:      252 Pitch:     2.69 Setpoint:     0.00 M1:    48.00 M3:    52.00Count:      253 Pitch:     3.19 Setpoint:     0.00 M1:    48.00 M3:    52.00Count:      254 Pitch:     3.14 Setpoint:     0.00 M1:    48.00 M3:    52.00Count:      255 Pitch:     2.71 Setpoint:     0.00 M1:    49.47 M3:    50.53Count:      256 Pitch:     3.65 Setpoint:     0.00 M1:    48.00 M3:    52.00Count:      257 Pitch:     3.29 Setpoint:     0.00 M1:    48.55 M3:    51.45Count:      258 Pitch:     3.04 Setpoint:     0.00 M1:    48.27 M3:    51.73Count:      259 Pitch:     3.34 Setpoint:     0.00 M1:    48.00 M3:    52.00Count:      260 Pitch:     2.51 Setpoint:     0.00 M1:    52.00 M3:    48.00Count:      261 Pitch:     2.32 Setpoint:     0.00 M1:    51.49 M3:    48.51Count:      262 Pitch:     2.75 Setpoint:     0.00 M1:    48.00 M3:    52.00Count:      263 Pitch:     2.84 Setpoint:     0.00 M1:    48.00 M3:    52.00Count:      264 Pitch:     1.55 Setpoint:     0.00 M1:    52.00 M3:    48.00Count:      265 Pitch:     1.63 Setpoint:     0.00 M1:    49.34 M3:    50.66Count:      266 Pitch:     1.71 Setpoint:     0.00 M1:    48.00 M3:    52.00Count:      267 Pitch:     0.82 Setpoint:     0.00 M1:    52.00 M3:    48.00Count:      268 Pitch:     0.45 Setpoint:     0.00 M1:    52.00 M3:    48.00Count:      269 Pitch:     0.65 Setpoint:     0.00 M1:    48.63 M3:    51.37Count:      270 Pitch:     1.88 Setpoint:     0.00 M1:    48.00 M3:    52.00Count:      271 Pitch:     1.47 Setpoint:     0.00 M1:    49.90 M3:    50.10Count:      272 Pitch:     0.60 Setpoint:     0.00 M1:    52.00 M3:    48.00Count:      273 Pitch:     1.20 Setpoint:     0.00 M1:    48.00 M3:    52.00Count:      274 Pitch:     0.53 Setpoint:     0.00 M1:    52.00 M3:    48.00Count:      275 Pitch:     0.59 Setpoint:     0.00 M1:    50.02 M3:    49.98Count:      276 Pitch:     0.80 Setpoint:     0.00 M1:    48.00 M3:    52.00Count:      277 Pitch:     0.09 Setpoint:     0.00 M1:    52.00 M3:    48.00Count:      278 Pitch:     0.20 Setpoint:     0.00 M1:    49.69 M3:    50.31Count:      279 Pitch:     0.39 Setpoint:     0.00 M1:    48.00 M3:    52.00Count:      280 Pitch:     1.31 Setpoint:     0.00 M1:    48.00 M3:    52.00Count:      281 Pitch:     0.80 Setpoint:     0.00 M1:    51.22 M3:    48.78Count:      282 Pitch:     1.14 Setpoint:     0.00 M1:    48.00 M3:    52.00Count:      283 Pitch:     1.27 Setpoint:     0.00 M1:    48.00 M3:    52.00Count:      284 Pitch:     1.30 Setpoint:     0.00 M1:    48.00 M3:    52.00Count:      285 Pitch:     1.40 Setpoint:     0.00 M1:    48.00 M3:    52.00Count:      286 Pitch:     1.33 Setpoint:     0.00 M1:    48.00 M3:    52.00Count:      287 Pitch:     2.42 Setpoint:     0.00 M1:    48.00 M3:    52.00Count:      288 Pitch:     2.06 Setpoint:     0.00 M1:    49.12 M3:    50.88Count:      289 Pitch:     1.99 Setpoint:     0.00 M1:    48.00 M3:    52.00Count:      290 Pitch:     2.23 Setpoint:     0.00 M1:    48.00 M3:    52.00Count:      291 Pitch:     3.04 Setpoint:     0.00 M1:    48.00 M3:    52.00Count:      292 Pitch:     2.55 Setpoint:     0.00 M1:    50.11 M3:    49.89Count:      293 Pitch:     2.75 Setpoint:     0.00 M1:    48.00 M3:    52.00Count:      294 Pitch:     2.62 Setpoint:     0.00 M1:    48.00 M3:    52.00Count:      295 Pitch:     2.15 Setpoint:     0.00 M1:    50.11 M3:    49.89Count:      296 Pitch:     1.99 Setpoint:     0.00 M1:    49.41 M3:    50.59Count:      297 Pitch:     3.04 Setpoint:     0.00 M1:    48.00 M3:    52.00Count:      298 Pitch:     3.01 Setpoint:     0.00 M1:    48.00 M3:    52.00Count:      299 Pitch:     2.18 Setpoint:     0.00 M1:    52.00 M3:    48.00Count:      300 Pitch:     2.18 Setpoint:     0.00 M1:    49.76 M3:    50.24Count:      301 Pitch:     1.89 Setpoint:     0.00 M1:    50.11 M3:    49.89Count:      302 Pitch:     1.91 Setpoint:     0.00 M1:    48.00 M3:    52.00Count:      303 Pitch:     0.89 Setpoint:     0.00 M1:    52.00 M3:    48.00Count:      304 Pitch:     1.01 Setpoint:     0.00 M1:    49.13 M3:    50.87Count:      305 Pitch:     0.40 Setpoint:     0.00 M1:    52.00 M3:    48.00Count:      306 Pitch:    -0.90 Setpoint:     0.00 M1:    52.00 M3:    48.00Count:      307 Pitch:    -0.80 Setpoint:     0.00 M1:    50.18 M3:    49.82Count:      308 Pitch:    -1.50 Setpoint:     0.00 M1:    52.00 M3:    48.00Count:      309 Pitch:    -2.50 Setpoint:     0.00 M1:    52.00 M3:    48.00Count:      310 Pitch:    -2.86 Setpoint:     0.00 M1:    52.00 M3:    48.00Count:      311 Pitch:    -1.90 Setpoint:     0.00 M1:    48.00 M3:    52.00Count:      312 Pitch:    -2.37 Setpoint:     0.00 M1:    52.00 M3:    48.00Count:      313 Pitch:    -2.39 Setpoint:     0.00 M1:    52.00 M3:    48.00Count:      314 Pitch:    -2.20 Setpoint:     0.00 M1:    50.08 M3:    49.92Count:      315 Pitch:    -2.02 Setpoint:     0.00 M1:    48.21 M3:    51.79Count:      316 Pitch:    -2.22 Setpoint:     0.00 M1:    50.05 M3:    49.95Count:      317 Pitch:    -2.72 Setpoint:     0.00 M1:    52.00 M3:    48.00Count:      318 Pitch:    -1.82 Setpoint:     0.00 M1:    48.00 M3:    52.00Count:      319 Pitch:    -1.02 Setpoint:     0.00 M1:    48.00 M3:    52.00Count:      320 Pitch:    -0.52 Setpoint:     0.00 M1:    48.00 M3:    52.00Count:      321 Pitch:    -0.32 Setpoint:     0.00 M1:    48.00 M3:    52.00Count:      322 Pitch:    -0.21 Setpoint:     0.00 M1:    48.00 M3:    52.00Count:      323 Pitch:    -0.93 Setpoint:     0.00 M1:    52.00 M3:    48.00Count:      324 Pitch:    -1.04 Setpoint:     0.00 M1:    52.00 M3:    48.00Count:      325 Pitch:    -0.73 Setpoint:     0.00 M1:    48.24 M3:    51.76Count:      326 Pitch:    -0.64 Setpoint:     0.00 M1:    48.00 M3:    52.00Count:      327 Pitch:    -0.92 Setpoint:     0.00 M1:    49.90 M3:    50.10Count:      328 Pitch:     0.32 Setpoint:     0.00 M1:    48.00 M3:    52.00Count:      329 Pitch:     1.30 Setpoint:     0.00 M1:    48.00 M3:    52.00Count:      330 Pitch:     0.28 Setpoint:     0.00 M1:    52.00 M3:    48.00Count:      331 Pitch:     0.23 Setpoint:     0.00 M1:    51.15 M3:    48.85Count:      332 Pitch:     1.27 Setpoint:     0.00 M1:    48.00 M3:    52.00Count:      333 Pitch:     1.10 Setpoint:     0.00 M1:    48.00 M3:    52.00Count:      334 Pitch:     1.15 Setpoint:     0.00 M1:    48.00 M3:    52.00Count:      335 Pitch:     1.03 Setpoint:     0.00 M1:    48.00 M3:    52.00Count:      336 Pitch:     1.55 Setpoint:     0.00 M1:    48.00 M3:    52.00Count:      337 Pitch:     2.06 Setpoint:     0.00 M1:    48.00 M3:    52.00Count:      338 Pitch:     2.32 Setpoint:     0.00 M1:    48.00 M3:    52.00Count:      339 Pitch:     2.72 Setpoint:     0.00 M1:    48.00 M3:    52.00Count:      340 Pitch:     3.21 Setpoint:     0.00 M1:    48.00 M3:    52.00Count:      341 Pitch:     3.00 Setpoint:     0.00 M1:    48.00 M3:    52.00Count:      342 Pitch:     3.19 Setpoint:     0.00 M1:    48.00 M3:    52.00Count:      343 Pitch:     3.68 Setpoint:     0.00 M1:    48.00 M3:    52.00Count:      344 Pitch:     2.02 Setpoint:     0.00 M1:    52.00 M3:    48.00Count:      345 Pitch:     0.79 Setpoint:     0.00 M1:    52.00 M3:    48.00Count:      346 Pitch:    -0.23 Setpoint:     0.00 M1:    52.00 M3:    48.00Count:      347 Pitch:    -0.25 Setpoint:     0.00 M1:    51.12 M3:    48.88Count:      348 Pitch:    -0.64 Setpoint:     0.00 M1:    52.00 M3:    48.00Count:      349 Pitch:    -1.30 Setpoint:     0.00 M1:    52.00 M3:    48.00Count:      350 Pitch:    -1.01 Setpoint:     0.00 M1:    48.57 M3:    51.43Count:      351 Pitch:    -1.13 Setpoint:     0.00 M1:    49.12 M3:    50.88Count:      352 Pitch:    -1.84 Setpoint:     0.00 M1:    52.00 M3:    48.00Count:      353 Pitch:    -2.25 Setpoint:     0.00 M1:    52.00 M3:    48.00Count:      354 Pitch:    -2.20 Setpoint:     0.00 M1:    51.48 M3:    48.52Count:      355 Pitch:    -2.15 Setpoint:     0.00 M1:    50.92 M3:    49.08Count:      356 Pitch:    -1.64 Setpoint:     0.00 M1:    48.00 M3:    52.00Count:      357 Pitch:    -1.13 Setpoint:     0.00 M1:    48.00 M3:    52.00Count:      358 Pitch:    -1.45 Setpoint:     0.00 M1:    50.55 M3:    49.45Count:      359 Pitch:    -2.29 Setpoint:     0.00 M1:    52.00 M3:    48.00Count:      360 Pitch:    -2.44 Setpoint:     0.00 M1:    52.00 M3:    48.00Count:      361 Pitch:    -2.66 Setpoint:     0.00 M1:    52.00 M3:    48.00Count:      362 Pitch:    -2.64 Setpoint:     0.00 M1:    51.97 M3:    48.03Count:      363 Pitch:    -2.48 Setpoint:     0.00 M1:    50.50 M3:    49.50Count:      364 Pitch:    -1.32 Setpoint:     0.00 M1:    48.00 M3:    52.00Count:      365 Pitch:    -2.51 Setpoint:     0.00 M1:    52.00 M3:    48.00Count:      366 Pitch:    -1.79 Setpoint:     0.00 M1:    48.00 M3:    52.00Count:      367 Pitch:    -1.86 Setpoint:     0.00 M1:    48.43 M3:    51.57Count:      368 Pitch:    -1.91 Setpoint:     0.00 M1:    48.63 M3:    51.37Count:      369 Pitch:    -0.92 Setpoint:     0.00 M1:    48.00 M3:    52.00Count:      370 Pitch:     0.41 Setpoint:     0.00 M1:    48.00 M3:    52.00Count:      371 Pitch:    -0.11 Setpoint:     0.00 M1:    51.69 M3:    48.31Count:      372 Pitch:     0.04 Setpoint:     0.00 M1:    49.08 M3:    50.92Count:      373 Pitch:     0.83 Setpoint:     0.00 M1:    48.00 M3:    52.00Count:      374 Pitch:     1.27 Setpoint:     0.00 M1:    48.00 M3:    52.00Count:      375 Pitch:     1.19 Setpoint:     0.00 M1:    48.00 M3:    52.00Count:      376 Pitch:     1.14 Setpoint:     0.00 M1:    48.00 M3:    52.00Count:      377 Pitch:     1.56 Setpoint:     0.00 M1:    48.00 M3:    52.00Count:      378 Pitch:     1.36 Setpoint:     0.00 M1:    48.04 M3:    51.96Count:      379 Pitch:     1.38 Setpoint:     0.00 M1:    48.00 M3:    52.00Count:      380 Pitch:     2.07 Setpoint:     0.00 M1:    48.00 M3:    52.00Count:      381 Pitch:     1.66 Setpoint:     0.00 M1:    49.82 M3:    50.18Count:      382 Pitch:     1.58 Setpoint:     0.00 M1:    48.54 M3:    51.46Count:      383 Pitch:     1.11 Setpoint:     0.00 M1:    51.17 M3:    48.83Count:      384 Pitch:     0.14 Setpoint:     0.00 M1:    52.00 M3:    48.00Count:      385 Pitch:     0.02 Setpoint:     0.00 M1:    51.97 M3:    48.03Count:      386 Pitch:    -0.63 Setpoint:     0.00 M1:    52.00 M3:    48.00Count:      387 Pitch:    -1.78 Setpoint:     0.00 M1:    52.00 M3:    48.00Count:      388 Pitch:    -2.24 Setpoint:     0.00 M1:    52.00 M3:    48.00Count:      389 Pitch:    -2.32 Setpoint:     0.00 M1:    52.00 M3:    48.00Count:      390 Pitch:    -2.19 Setpoint:     0.00 M1:    50.70 M3:    49.30Count:      391 Pitch:    -2.50 Setpoint:     0.00 M1:    52.00 M3:    48.00Count:      392 Pitch:    -1.95 Setpoint:     0.00 M1:    48.00 M3:    52.00Count:      393 Pitch:    -2.57 Setpoint:     0.00 M1:    52.00 M3:    48.00Count:      394 Pitch:    -2.11 Setpoint:     0.00 M1:    48.00 M3:    52.00Count:      395 Pitch:    -1.81 Setpoint:     0.00 M1:    48.00 M3:    52.00Count:      396 Pitch:    -2.35 Setpoint:     0.00 M1:    52.00 M3:    48.00Count:      397 Pitch:    -2.46 Setpoint:     0.00 M1:    52.00 M3:    48.00Count:      398 Pitch:    -2.22 Setpoint:     0.00 M1:    49.65 M3:    50.35Count:      399 Pitch:    -1.73 Setpoint:     0.00 M1:    48.00 M3:    52.00Count:      400 Pitch:    -1.92 Setpoint:     0.00 M1:    49.51 M3:    50.49Count:      401 Pitch:    -2.27 Setpoint:     0.00 M1:    52.00 M3:    48.00Count:      402 Pitch:    -2.14 Setpoint:     0.00 M1:    50.72 M3:    49.28Count:      403 Pitch:    -1.49 Setpoint:     0.00 M1:    48.00 M3:    52.00Count:      404 Pitch:    -1.78 Setpoint:     0.00 M1:    50.45 M3:    49.55Count:      405 Pitch:    -1.49 Setpoint:     0.00 M1:    48.00 M3:    52.00Count:      406 Pitch:    -0.72 Setpoint:     0.00 M1:    48.00 M3:    52.00Count:      407 Pitch:    -1.09 Setpoint:     0.00 M1:    50.87 M3:    49.13Count:      408 Pitch:    -0.67 Setpoint:     0.00 M1:    48.00 M3:    52.00Count:      409 Pitch:     0.07 Setpoint:     0.00 M1:    48.00 M3:    52.00Count:      410 Pitch:    -0.30 Setpoint:     0.00 M1:    50.43 M3:    49.57Count:      411 Pitch:    -0.50 Setpoint:     0.00 M1:    51.48 M3:    48.52Count:      412 Pitch:    -0.62 Setpoint:     0.00 M1:    51.69 M3:    48.31Count:      413 Pitch:    -0.70 Setpoint:     0.00 M1:    51.68 M3:    48.32Count:      414 Pitch:    -0.27 Setpoint:     0.00 M1:    48.00 M3:    52.00Count:      415 Pitch:    -0.04 Setpoint:     0.00 M1:    48.00 M3:    52.00Count:      416 Pitch:    -0.62 Setpoint:     0.00 M1:    52.00 M3:    48.00Count:      417 Pitch:    -0.02 Setpoint:     0.00 M1:    48.00 M3:    52.00Count:      418 Pitch:     1.80 Setpoint:     0.00 M1:    48.00 M3:    52.00Count:      419 Pitch:     1.25 Setpoint:     0.00 M1:    51.31 M3:    48.69Count:      420 Pitch:     1.25 Setpoint:     0.00 M1:    49.60 M3:    50.40Count:      421 Pitch:     1.03 Setpoint:     0.00 M1:    49.93 M3:    50.07Count:      422 Pitch:     0.13 Setpoint:     0.00 M1:    52.00 M3:    48.00Count:      423 Pitch:     1.16 Setpoint:     0.00 M1:    48.00 M3:    52.00Count:      424 Pitch:     0.74 Setpoint:     0.00 M1:    50.40 M3:    49.60Count:      425 Pitch:     0.29 Setpoint:     0.00 M1:    52.00 M3:    48.00Count:      426 Pitch:     1.23 Setpoint:     0.00 M1:    48.00 M3:    52.00Count:      427 Pitch:    -0.53 Setpoint:     0.00 M1:    52.00 M3:    48.00Count:      428 Pitch:    -0.59 Setpoint:     0.00 M1:    51.70 M3:    48.30Count:      429 Pitch:     0.30 Setpoint:     0.00 M1:    48.00 M3:    52.00Count:      430 Pitch:     0.17 Setpoint:     0.00 M1:    48.04 M3:    51.96Count:      431 Pitch:    -0.51 Setpoint:     0.00 M1:    52.00 M3:    48.00Count:      432 Pitch:    -0.92 Setpoint:     0.00 M1:    52.00 M3:    48.00Count:      433 Pitch:    -1.40 Setpoint:     0.00 M1:    52.00 M3:    48.00Count:      434 Pitch:    -1.01 Setpoint:     0.00 M1:    48.00 M3:    52.00Count:      435 Pitch:    -1.37 Setpoint:     0.00 M1:    50.97 M3:    49.03Count:      436 Pitch:    -1.67 Setpoint:     0.00 M1:    52.00 M3:    48.00Count:      437 Pitch:    -1.74 Setpoint:     0.00 M1:    52.00 M3:    48.00Count:      438 Pitch:    -2.10 Setpoint:     0.00 M1:    52.00 M3:    48.00Count:      439 Pitch:    -1.96 Setpoint:     0.00 M1:    50.59 M3:    49.41Count:      440 Pitch:    -1.19 Setpoint:     0.00 M1:    48.00 M3:    52.00Count:      441 Pitch:    -0.75 Setpoint:     0.00 M1:    48.00 M3:    52.00Count:      442 Pitch:    -0.78 Setpoint:     0.00 M1:    48.00 M3:    52.00Count:      443 Pitch:     0.42 Setpoint:     0.00 M1:    48.00 M3:    52.00Count:      444 Pitch:     1.23 Setpoint:     0.00 M1:    48.00 M3:    52.00Count:      445 Pitch:     0.80 Setpoint:     0.00 M1:    50.45 M3:    49.55Count:      446 Pitch:     1.44 Setpoint:     0.00 M1:    48.00 M3:    52.00Count:      447 Pitch:     0.95 Setpoint:     0.00 M1:    50.91 M3:    49.09Count:      448 Pitch:     0.59 Setpoint:     0.00 M1:    52.00 M3:    48.00Count:      449 Pitch:     0.27 Setpoint:     0.00 M1:    52.00 M3:    48.00Count:      450 Pitch:    -0.10 Setpoint:     0.00 M1:    52.00 M3:    48.00Count:      451 Pitch:    -0.16 Setpoint:     0.00 M1:    51.51 M3:    48.49Count:      452 Pitch:    -0.53 Setpoint:     0.00 M1:    52.00 M3:    48.00Count:      453 Pitch:    -0.25 Setpoint:     0.00 M1:    48.38 M3:    51.62Count:      454 Pitch:     1.12 Setpoint:     0.00 M1:    48.00 M3:    52.00Count:      455 Pitch:     1.71 Setpoint:     0.00 M1:    48.00 M3:    52.00Count:      456 Pitch:     1.52 Setpoint:     0.00 M1:    48.00 M3:    52.00Count:      457 Pitch:     2.25 Setpoint:     0.00 M1:    48.00 M3:    52.00Count:      458 Pitch:     2.68 Setpoint:     0.00 M1:    48.00 M3:    52.00Count:      459 Pitch:     1.85 Setpoint:     0.00 M1:    52.00 M3:    48.00Count:      460 Pitch:     2.85 Setpoint:     0.00 M1:    48.00 M3:    52.00Count:      461 Pitch:     3.56 Setpoint:     0.00 M1:    48.00 M3:    52.00Count:      462 Pitch:     3.46 Setpoint:     0.00 M1:    48.00 M3:    52.00Count:      463 Pitch:     3.25 Setpoint:     0.00 M1:    48.00 M3:    52.00Count:      464 Pitch:     2.54 Setpoint:     0.00 M1:    52.00 M3:    48.00Count:      465 Pitch:     2.97 Setpoint:     0.00 M1:    48.00 M3:    52.00Count:      466 Pitch:     2.57 Setpoint:     0.00 M1:    49.23 M3:    50.77Count:      467 Pitch:     0.64 Setpoint:     0.00 M1:    52.00 M3:    48.00Count:      468 Pitch:     0.61 Setpoint:     0.00 M1:    50.73 M3:    49.27Count:      469 Pitch:    -0.43 Setpoint:     0.00 M1:    52.00 M3:    48.00Count:      470 Pitch:    -1.25 Setpoint:     0.00 M1:    52.00 M3:    48.00Count:      471 Pitch:    -0.19 Setpoint:     0.00 M1:    48.00 M3:    52.00Count:      472 Pitch:    -0.18 Setpoint:     0.00 M1:    48.00 M3:    52.00Count:      473 Pitch:    -0.40 Setpoint:     0.00 M1:    49.05 M3:    50.95Count:      474 Pitch:    -2.02 Setpoint:     0.00 M1:    52.00 M3:    48.00Count:      475 Pitch:    -2.98 Setpoint:     0.00 M1:    52.00 M3:    48.00Count:      476 Pitch:    -3.47 Setpoint:     0.00 M1:    52.00 M3:    48.00Count:      477 Pitch:    -3.82 Setpoint:     0.00 M1:    52.00 M3:    48.00Count:      478 Pitch:    -4.81 Setpoint:     0.00 M1:    52.00 M3:    48.00Count:      479 Pitch:    -4.20 Setpoint:     0.00 M1:    48.00 M3:    52.00Count:      480 Pitch:    -3.49 Setpoint:     0.00 M1:    48.00 M3:    52.00Count:      481 Pitch:    -3.33 Setpoint:     0.00 M1:    48.00 M3:    52.00Count:      482 Pitch:    -4.16 Setpoint:     0.00 M1:    52.00 M3:    48.00Count:      483 Pitch:    -4.79 Setpoint:     0.00 M1:    52.00 M3:    48.00Count:      484 Pitch:    -5.28 Setpoint:     0.00 M1:    52.00 M3:    48.00Count:      485 Pitch:    -6.17 Setpoint:     0.00 M1:    52.00 M3:    48.00Count:      486 Pitch:    -6.71 Setpoint:     0.00 M1:    52.00 M3:    48.00Count:      487 Pitch:    -6.37 Setpoint:     0.00 M1:    50.93 M3:    49.07Count:      488 Pitch:    -6.92 Setpoint:     0.00 M1:    52.00 M3:    48.00Count:      489 Pitch:    -6.75 Setpoint:     0.00 M1:    52.00 M3:    48.00Count:      490 Pitch:    -7.13 Setpoint:     0.00 M1:    52.00 M3:    48.00Count:      491 Pitch:    -7.37 Setpoint:     0.00 M1:    52.00 M3:    48.00Count:      492 Pitch:    -6.29 Setpoint:     0.00 M1:    48.00 M3:    52.00Count:      493 Pitch:    -5.76 Setpoint:     0.00 M1:    48.00 M3:    52.00Count:      494 Pitch:    -5.88 Setpoint:     0.00 M1:    51.04 M3:    48.96Count:      495 Pitch:    -5.67 Setpoint:     0.00 M1:    50.89 M3:    49.11Count:      496 Pitch:    -4.65 Setpoint:     0.00 M1:    48.00 M3:    52.00Count:      497 Pitch:    -3.87 Setpoint:     0.00 M1:    48.00 M3:    52.00Count:      498 Pitch:    -4.46 Setpoint:     0.00 M1:    52.00 M3:    48.00Count:      499 Pitch:    -4.58 Setpoint:     0.00 M1:    52.00 M3:    48.00Count:      500 Pitch:    -3.81 Setpoint:     0.00 M1:    48.00 M3:    52.00Count:      501 Pitch:    -3.87 Setpoint:     0.00 M1:    49.46 M3:    50.54Count:      502 Pitch:    -2.91 Setpoint:     0.00 M1:    48.00 M3:    52.00Count:      503 Pitch:    -2.37 Setpoint:     0.00 M1:    48.00 M3:    52.00Count:      504 Pitch:    -2.37 Setpoint:     0.00 M1:    48.17 M3:    51.83Count:      505 Pitch:    -2.80 Setpoint:     0.00 M1:    52.00 M3:    48.00Count:      506 Pitch:    -3.45 Setpoint:     0.00 M1:    52.00 M3:    48.00Count:      507 Pitch:    -1.90 Setpoint:     0.00 M1:    48.00 M3:    52.00Count:      508 Pitch:    -0.99 Setpoint:     0.00 M1:    48.00 M3:    52.00Count:      509 Pitch:    -1.49 Setpoint:     0.00 M1:    52.00 M3:    48.00Count:      510 Pitch:    -0.86 Setpoint:     0.00 M1:    48.00 M3:    52.00Count:      511 Pitch:    -0.94 Setpoint:     0.00 M1:    48.30 M3:    51.70Count:      512 Pitch:    -1.75 Setpoint:     0.00 M1:    52.00 M3:    48.00Count:      513 Pitch:    -1.50 Setpoint:     0.00 M1:    49.49 M3:    50.51Count:      514 Pitch:    -1.00 Setpoint:     0.00 M1:    48.00 M3:    52.00Count:      515 Pitch:    -0.64 Setpoint:     0.00 M1:    48.00 M3:    52.00Count:      516 Pitch:    -0.69 Setpoint:     0.00 M1:    48.00 M3:    52.00Count:      517 Pitch:    -0.63 Setpoint:     0.00 M1:    48.00 M3:    52.00Count:      518