Tests:  3.00000Pitch Axis TestCount: %f Pitch: %f Setpoint: %f M1: %f M3: %fPID values:  0.70000,  0.08000,  0.20000 Motor Max/Min: 52.00000, 48.00000 Gyro Weight:  0.98000Count:        1 Pitch:    -1.25 Setpoint:     0.00 M1:    48.94 M3:    48.00Count:        2 Pitch:    -1.23 Setpoint:     0.00 M1:    49.67 M3:    48.00Count:        3 Pitch:    -1.21 Setpoint:     0.00 M1:    50.17 M3:    48.00Count:        4 Pitch:    -1.18 Setpoint:     0.00 M1:    50.64 M3:    48.00Count:        5 Pitch:    -1.15 Setpoint:     0.00 M1:    51.09 M3:    48.00Count:        6 Pitch:    -1.15 Setpoint:     0.00 M1:    51.93 M3:    48.00Count:        7 Pitch:    -1.15 Setpoint:     0.00 M1:    52.00 M3:    48.00Count:        8 Pitch:    -1.12 Setpoint:     0.00 M1:    52.00 M3:    48.00Count:        9 Pitch:    -1.11 Setpoint:     0.00 M1:    52.00 M3:    48.00Count:       10 Pitch:    -1.13 Setpoint:     0.00 M1:    52.00 M3:    48.00Count:       11 Pitch:    -1.13 Setpoint:     0.00 M1:    52.00 M3:    48.00Count:       12 Pitch:    -1.05 Setpoint:     0.00 M1:    51.62 M3:    48.38Count:       13 Pitch:    -1.04 Setpoint:     0.00 M1:    52.00 M3:    48.00Count:       14 Pitch:    -1.06 Setpoint:     0.00 M1:    52.00 M3:    48.00Count:       15 Pitch:    -1.14 Setpoint:     0.00 M1:    52.00 M3:    48.00Count:       16 Pitch:    -1.23 Setpoint:     0.00 M1:    52.00 M3:    48.00Count:       17 Pitch:    -1.31 Setpoint:     0.00 M1:    52.00 M3:    48.00Count:       18 Pitch:    -1.30 Setpoint:     0.00 M1:    52.00 M3:    48.00Count:       19 Pitch:    -1.30 Setpoint:     0.00 M1:    52.00 M3:    48.00Count:       20 Pitch:    -1.58 Setpoint:     0.00 M1:    52.00 M3:    48.00Count:       21 Pitch:    -1.89 Setpoint:     0.00 M1:    52.00 M3:    48.00Count:       22 Pitch:    -2.14 Setpoint:     0.00 M1:    52.00 M3:    48.00Count:       23 Pitch:    -2.47 Setpoint:     0.00 M1:    52.00 M3:    48.00Count:       24 Pitch:    -2.63 Setpoint:     0.00 M1:    52.00 M3:    48.00Count:       25 Pitch:    -2.86 Setpoint:     0.00 M1:    52.00 M3:    48.00Count:       26 Pitch:    -3.15 Setpoint:     0.00 M1:    52.00 M3:    48.00Count:       27 Pitch:    -3.67 Setpoint:     0.00 M1:    52.00 M3:    48.00Count:       28 Pitch:    -4.15 Setpoint:     0.00 M1:    52.00 M3:    48.00Count:       29 Pitch:    -5.23 Setpoint:     0.00 M1:    52.00 M3:    48.00Count:       30 Pitch:    -5.16 Setpoint:     0.00 M1:    52.00 M3:    48.00Count:       31 Pitch:    -6.19 Setpoint:     0.00 M1:    52.00 M3:    48.00Count:       32 Pitch:    -6.99 Setpoint:     0.00 M1:    52.00 M3:    48.00Count:       33 Pitch:    -6.47 Setpoint:     0.00 M1:    49.62 M3:    50.38Count:       34 Pitch:    -6.80 Setpoint:     0.00 M1:    52.00 M3:    48.00Count:       35 Pitch:    -7.21 Setpoint:     0.00 M1:    52.00 M3:    48.00Count:       36 Pitch:    -6.66 Setpoint:     0.00 M1:    49.48 M3:    50.52Count:       37 Pitch:    -5.16 Setpoint:     0.00 M1:    48.00 M3:    52.00Count:       38 Pitch:    -3.46 Setpoint:     0.00 M1:    48.00 M3:    52.00Count:       39 Pitch:    -6.49 Setpoint:     0.00 M1:    52.00 M3:    48.00Count:       40 Pitch:    -7.85 Setpoint:     0.00 M1:    52.00 M3:    48.00Count:       41 Pitch:    -9.76 Setpoint:     0.00 M1:    52.00 M3:    48.00Count:       42 Pitch:   -11.69 Setpoint:     0.00 M1:    52.00 M3:    48.00Count:       43 Pitch:    -9.84 Setpoint:     0.00 M1:    48.00 M3:    52.00Count:       44 Pitch:    -7.10 Setpoint:     0.00 M1:    48.00 M3:    52.00Count:       45 Pitch:    -7.14 Setpoint:     0.00 M1:    52.00 M3:    48.00Count:       46 Pitch:    -6.56 Setpoint:     0.00 M1:    49.08 M3:    50.92Count:       47 Pitch:    -5.93 Setpoint:     0.00 M1:    48.00 M3:    52.00Count:       48 Pitch:    -7.49 Setpoint:     0.00 M1:    52.00 M3:    48.00Count:       49 Pitch:    -6.60 Setpoint:     0.00 M1:    48.00 M3:    52.00Count:       50 Pitch:    -5.89 Setpoint:     0.00 M1:    48.00 M3:    52.00Count:       51 Pitch:    -5.81 Setpoint:     0.00 M1:    51.28 M3:    48.72Count:       52 Pitch:    -6.03 Setpoint:     0.00 M1:    52.00 M3:    48.00Count:       53 Pitch:    -5.63 Setpoint:     0.00 M1:    50.97 M3:    49.03Count:       54 Pitch:    -4.70 Setpoint:     0.00 M1:    48.00 M3:    52.00Count:       55 Pitch:    -3.57 Setpoint:     0.00 M1:    48.00 M3:    52.00Count:       56 Pitch:    -2.74 Setpoint:     0.00 M1:    48.00 M3:    52.00Count:       57 Pitch:    -3.01 Setpoint:     0.00 M1:    52.00 M3:    48.00Count:       58 Pitch:    -4.02 Setpoint:     0.00 M1:    52.00 M3:    48.00Count:       59 Pitch:    -4.24 Setpoint:     0.00 M1:    52.00 M3:    48.00Count:       60 Pitch:    -3.71 Setpoint:     0.00 M1:    48.00 M3:    52.00Count:       61 Pitch:    -3.52 Setpoint:     0.00 M1:    48.11 M3:    51.89Count:       62 Pitch:    -4.62 Setpoint:     0.00 M1:    52.00 M3:    48.00Count:       63 Pitch:    -4.96 Setpoint:     0.00 M1:    52.00 M3:    48.00Count:       64 Pitch:    -3.71 Setpoint:     0.00 M1:    48.00 M3:    52.00Count:       65 Pitch:    -4.19 Setpoint:     0.00 M1:    52.00 M3:    48.00Count:       66 Pitch:    -4.92 Setpoint:     0.00 M1:    52.00 M3:    48.00Count:       67 Pitch:    -4.57 Setpoint:     0.00 M1:    50.91 M3:    49.09Count:       68 Pitch:    -4.03 Setpoint:     0.00 M1:    48.00 M3:    52.00Count:       69 Pitch:    -3.59 Setpoint:     0.00 M1:    48.00 M3:    52.00Count:       70 Pitch:    -4.36 Setpoint:     0.00 M1:    52.00 M3:    48.00Count:       71 Pitch:    -3.99 Setpoint:     0.00 M1:    50.22 M3:    49.78Count:       72 Pitch:    -3.28 Setpoint:     0.00 M1:    48.00 M3:    52.00Count:       73 Pitch:    -3.31 Setpoint:     0.00 M1:    51.03 M3:    48.97Count:       74 Pitch:    -3.52 Setpoint:     0.00 M1:    52.00 M3:    48.00Count:       75 Pitch:    -3.44 Setpoint:     0.00 M1:    52.00 M3:    48.00Count:       76 Pitch:    -3.25 Setpoint:     0.00 M1:    52.00 M3:    48.00Count:       77 Pitch:    -2.87 Setpoint:     0.00 M1:    49.29 M3:    50.71Count:       78 Pitch:    -2.52 Setpoint:     0.00 M1:    48.00 M3:    52.00Count:       79 Pitch:    -2.44 Setpoint:     0.00 M1:    48.95 M3:    51.05Count:       80 Pitch:    -2.55 Setpoint:     0.00 M1:    52.00 M3:    48.00Count:       81 Pitch:    -2.33 Setpoint:     0.00 M1:    51.01 M3:    48.99Count:       82 Pitch:    -2.10 Setpoint:     0.00 M1:    49.87 M3:    50.13Count:       83 Pitch:    -1.55 Setpoint:     0.00 M1:    48.00 M3:    52.00Count:       84 Pitch:    -0.79 Setpoint:     0.00 M1:    48.00 M3:    52.00Count:       85 Pitch:     0.54 Setpoint:     0.00 M1:    48.00 M3:    52.00Count:       86 Pitch:     0.24 Setpoint:     0.00 M1:    52.00 M3:    48.00Count:       87 Pitch:     0.24 Setpoint:     0.00 M1:    52.00 M3:    48.00Count:       88 Pitch:     1.23 Setpoint:     0.00 M1:    48.00 M3:    52.00Count:       89 Pitch:     0.88 Setpoint:     0.00 M1:    52.00 M3:    48.00Count:       90 Pitch:     1.38 Setpoint:     0.00 M1:    48.00 M3:    52.00Count:       91 Pitch:     1.60 Setpoint:     0.00 M1:    48.00 M3:    52.00Count:       92 Pitch:     2.24 Setpoint:     0.00 M1:    48.00 M3:    52.00Count:       93 Pitch:     2.25 Setpoint:     0.00 M1:    48.00 M3:    52.00Count:       94 Pitch:     2.10 Setpoint:     0.00 M1:    48.93 M3:    51.07Count:       95 Pitch:     1.91 Setpoint:     0.00 M1:    50.46 M3:    49.54Count:       96 Pitch:     2.58 Setpoint:     0.00 M1:    48.00 M3:    52.00Count:       97 Pitch:     3.73 Setpoint:     0.00 M1:    48.00 M3:    52.00Count:       98 Pitch:     3.39 Setpoint:     0.00 M1:    50.50 M3:    49.50Count:       99 Pitch:     3.76 Setpoint:     0.00 M1:    48.00 M3:    52.00Count:      100 Pitch:     3.68 Setpoint:     0.00 M1:    48.00 M3:    52.00Count:      101 Pitch:     4.29 Setpoint:     0.00 M1:    48.00 M3:    52.00Count:      102 Pitch:     4.69 Setpoint:     0.00 M1:    48.00 M3:    52.00Count:      103 Pitch:     4.66 Setpoint:     0.00 M1:    48.00 M3:    52.00Count:      104 Pitch:     4.12 Setpoint:     0.00 M1:    52.00 M3:    48.00Count:      105 Pitch:     2.64 Setpoint:     0.00 M1:    52.00 M3:    48.00Count:      106 Pitch:     2.63 Setpoint:     0.00 M1:    50.63 M3:    49.37Count:      107 Pitch:     3.00 Setpoint:     0.00 M1:    48.00 M3:    52.00Count:      108 Pitch:     2.02 Setpoint:     0.00 M1:    52.00 M3:    48.00Count:      109 Pitch:     2.20 Setpoint:     0.00 M1:    48.43 M3:    51.57Count:      110 Pitch:     2.32 Setpoint:     0.00 M1:    48.00 M3:    52.00Count:      111 Pitch:     2.11 Setpoint:     0.00 M1:    49.72 M3:    50.28Count:      112 Pitch:     2.76 Setpoint:     0.00 M1:    48.00 M3:    52.00Count:      113 Pitch:     3.27 Setpoint:     0.00 M1:    48.00 M3:    52.00Count:      114 Pitch:     3.24 Setpoint:     0.00 M1:    48.00 M3:    52.00Count:      115 Pitch:     2.50 Setpoint:     0.00 M1:    52.00 M3:    48.00Count:      116 Pitch:     1.08 Setpoint:     0.00 M1:    52.00 M3:    48.00Count:      117 Pitch:     0.92 Setpoint:     0.00 M1:    52.00 M3:    48.00Count:      118 Pitch:     1.56 Setpoint:     0.00 M1:    48.00 M3:    52.00Count:      119 Pitch:     1.29 Setpoint:     0.00 M1:    51.03 M3:    48.97Count:      120 Pitch:     1.19 Setpoint:     0.00 M1:    51.74 M3:    48.26Count:      121 Pitch:     1.46 Setpoint:     0.00 M1:    48.00 M3:    52.00Count:      122 Pitch:     0.36 Setpoint:     0.00 M1:    52.00 M3:    48.00Count:      123 Pitch:    -1.35 Setpoint:     0.00 M1:    52.00 M3:    48.00Count:      124 Pitch:    -2.37 Setpoint:     0.00 M1:    52.00 M3:    48.00Count:      125 Pitch:    -2.11 Setpoint:     0.00 M1:    50.22 M3:    49.78Count:      126 Pitch:    -1.84 Setpoint:     0.00 M1:    48.28 M3:    51.72Count:      127 Pitch:    -1.58 Setpoint:     0.00 M1:    48.00 M3:    52.00Count:      128 Pitch:    -1.18 Setpoint:     0.00 M1:    48.00 M3:    52.00Count:      129 Pitch:    -1.03 Setpoint:     0.00 M1:    48.00 M3:    52.00Count:      130 Pitch:    -1.45 Setpoint:     0.00 M1:    52.00 M3:    48.00Count:      131 Pitch:    -1.84 Setpoint:     0.00 M1:    52.00 M3:    48.00Count:      132 Pitch:    -1.87 Setpoint:     0.00 M1:    52.00 M3:    48.00Count:      133 Pitch:    -2.00 Setpoint:     0.00 M1:    52.00 M3:    48.00Count:      134 Pitch:    -2.13 Setpoint:     0.00 M1:    52.00 M3:    48.00Count:      135 Pitch:    -1.85 Setpoint:     0.00 M1:    49.82 M3:    50.18Count:      136 Pitch:    -2.64 Setpoint:     0.00 M1:    52.00 M3:    48.00Count:      137 Pitch:    -2.59 Setpoint:     0.00 M1:    52.00 M3:    48.00Count:      138 Pitch:    -1.24 Setpoint:     0.00 M1:    48.00 M3:    52.00Count:      139 Pitch:    -1.04 Setpoint:     0.00 M1:    48.00 M3:    52.00Count:      140 Pitch:    -0.65 Setpoint:     0.00 M1:    48.00 M3:    52.00Count:      141 Pitch:    -0.29 Setpoint:     0.00 M1:    48.00 M3:    52.00Count:      142 Pitch:     0.86 Setpoint:     0.00 M1:    48.00 M3:    52.00Count:      143 Pitch:     1.01 Setpoint:     0.00 M1:    48.00 M3:    52.00Count:      144 Pitch:     0.59 Setpoint:     0.00 M1:    52.00 M3:    48.00Count:      145 Pitch:     0.06 Setpoint:     0.00 M1:    52.00 M3:    48.00Count:      146 Pitch:     0.67 Setpoint:     0.00 M1:    48.00 M3:    52.00Count:      147 Pitch:     0.54 Setpoint:     0.00 M1:    49.77 M3:    50.23Count:      148 Pitch:    -0.44 Setpoint:     0.00 M1:    52.00 M3:    48.00Count:      149 Pitch:     0.14 Setpoint:     0.00 M1:    48.00 M3:    52.00Count:      150 Pitch:     0.98 Setpoint:     0.00 M1:    48.00 M3:    52.00Count:      151 Pitch:     1.45 Setpoint:     0.00 M1:    48.00 M3:    52.00Count:      152 Pitch:     0.59 Setpoint:     0.00 M1:    52.00 M3:    48.00Count:      153 Pitch:     1.21 Setpoint:     0.00 M1:    48.00 M3:    52.00Count:      154 Pitch:     1.08 Setpoint:     0.00 M1:    49.18 M3:    50.82Count:      155 Pitch:     0.32 Setpoint:     0.00 M1:    52.00 M3:    48.00Count:      156 Pitch:     0.74 Setpoint:     0.00 M1:    48.00 M3:    52.00Count:      157 Pitch:     1.68 Setpoint:     0.00 M1:    48.00 M3:    52.00Count:      158 Pitch:     2.82 Setpoint:     0.00 M1:    48.00 M3:    52.00Count:      159 Pitch:     3.29 Setpoint:     0.00 M1:    48.00 M3:    52.00Count:      160 Pitch:     2.35 Setpoint:     0.00 M1:    52.00 M3:    48.00Count:      161 Pitch:     2.46 Setpoint:     0.00 M1:    49.15 M3:    50.85Count:      162 Pitch:     2.06 Setpoint:     0.00 M1:    52.00 M3:    48.00Count:      163 Pitch:     0.73 Setpoint:     0.00 M1:    52.00 M3:    48.00Count:      164 Pitch:     1.29 Setpoint:     0.00 M1:    48.00 M3:    52.00Count:      165 Pitch:     1.47 Setpoint:     0.00 M1:    48.00 M3:    52.00Count:      166 Pitch:     1.70 Setpoint:     0.00 M1:    48.00 M3:    52.00Count:      167 Pitch:     2.10 Setpoint:     0.00 M1:    48.00 M3:    52.00Count:      168 Pitch:     0.13 Setpoint:     0.00 M1:    52.00 M3:    48.00Count:      169 Pitch:    -0.62 Setpoint:     0.00 M1:    52.00 M3:    48.00Count:      170 Pitch:    -0.94 Setpoint:     0.00 M1:    52.00 M3:    48.00Count:      171 Pitch:    -1.54 Setpoint:     0.00 M1:    52.00 M3:    48.00Count:      172 Pitch:    -1.71 Setpoint:     0.00 M1:    52.00 M3:    48.00Count:      173 Pitch:    -0.17 Setpoint:     0.00 M1:    48.00 M3:    52.00Count:      174 Pitch:    -0.29 Setpoint:     0.00 M1:    50.10 M3:    49.90Count:      175 Pitch:    -1.27 Setpoint:     0.00 M1:    52.00 M3:    48.00Count:      176 Pitch:    -0.92 Setpoint:     0.00 M1:    48.26 M3:    51.74Count:      177 Pitch:     0.52 Setpoint:     0.00 M1:    48.00 M3:    52.00Count:      178 Pitch:     0.84 Setpoint:     0.00 M1:    48.00 M3:    52.00Count:      179 Pitch:     0.60 Setpoint:     0.00 M1:    51.13 M3:    48.87Count:      180 Pitch:     1.72 Setpoint:     0.00 M1:    48.00 M3:    52.00Count:      181 Pitch:     2.11 Setpoint:     0.00 M1:    48.00 M3:    52.00Count:      182 Pitch:     1.73 Setpoint:     0.00 M1:    52.00 M3:    48.00Count:      183 Pitch:     1.49 Setpoint:     0.00 M1:    52.00 M3:    48.00Count:      184 Pitch:     1.35 Setpoint:     0.00 M1:    52.00 M3:    48.00Count:      185 Pitch:     2.53 Setpoint:     0.00 M1:    48.00 M3:    52.00Count:      186 Pitch:     4.34 Setpoint:     0.00 M1:    48.00 M3:    52.00Count:      187 Pitch:     3.89 Setpoint:     0.00 M1:    51.47 M3:    48.53Count:      188 Pitch:     5.20 Setpoint:     0.00 M1:    48.00 M3:    52.00Count:      189 Pitch:     5.71 Setpoint:     0.00 M1:    48.00 M3:    52.00Count:      190 Pitch:     4.39 Setpoint:     0.00 M1:    52.00 M3:    48.00Count:      191 Pitch:     3.97 Setpoint:     0.00 M1:    52.00 M3:    48.00Count:      192 Pitch:     4.91 Setpoint:     0.00 M1:    48.00 M3:    52.00Count:      193 Pitch:     5.66 Setpoint:     0.00 M1:    48.00 M3:    52.00Count:      194 Pitch:     6.73 Setpoint:     0.00 M1:    48.00 M3:    52.00Count:      195 Pitch:     6.88 Setpoint:     0.00 M1:    48.00 M3:    52.00Count:      196 Pitch:     6.75 Setpoint:     0.00 M1:    48.00 M3:    52.00Count:      197 Pitch:     7.15 Setpoint:     0.00 M1:    48.00 M3:    52.00Count:      198 Pitch:     6.02 Setpoint:     0.00 M1:    52.00 M3:    48.00Count:      199 Pitch:     5.71 Setpoint:     0.00 M1:    52.00 M3:    48.00Count:      200 Pitch:     6.83 Setpoint:     0.00 M1:    48.00 M3:    52.00Count:      201 Pitch:     7.54 Setpoint:     0.00 M1:    48.00 M3:    52.00Count:      202 Pitch:     7.81 Setpoint:     0.00 M1:    48.00 M3:    52.00Count:      203 Pitch:     7.77 Setpoint:     0.00 M1:    48.00 M3:    52.00Count:      204 Pitch:     7.66 Setpoint:     0.00 M1:    48.00 M3:    52.00Count:      205 Pitch:     6.96 Setpoint:     0.00 M1:    52.00 M3:    48.00Count:      206 Pitch:     6.09 Setpoint:     0.00 M1:    52.00 M3:    48.00Count:      207 Pitch:     5.44 Setpoint:     0.00 M1:    52.00 M3:    48.00Count:      208 Pitch:     5.22 Setpoint:     0.00 M1:    51.37 M3:    48.63Count:      209 Pitch:     4.80 Setpoint:     0.00 M1:    52.00 M3:    48.00Count:      210 Pitch:     4.90 Setpoint:     0.00 M1:    48.00 M3:    52.00Count:      211 Pitch:     4.30 Setpoint:     0.00 M1:    52.00 M3:    48.00Count:      212 Pitch:     4.57 Setpoint:     0.00 M1:    48.00 M3:    52.00Count:      213 Pitch:     4.99 Setpoint:     0.00 M1:    48.00 M3:    52.00Count:      214 Pitch:     4.53 Setpoint:     0.00 M1:    51.05 M3:    48.95Count:      215 Pitch:     5.08 Setpoint:     0.00 M1:    48.00 M3:    52.00Count:      216 Pitch:     6.17 Setpoint:     0.00 M1:    48.00 M3:    52.00Count:      217 Pitch:     6.57 Setpoint:     0.00 M1:    48.00 M3:    52.00Count:      218 Pitch:     6.38 Setpoint:     0.00 M1:    48.00 M3:    52.00Count:      219 Pitch:     6.60 Setpoint:     0.00 M1:    48.00 M3:    52.00Count:      220 Pitch:     6.79 Setpoint:     0.00 M1:    48.00 M3:    52.00Count:      221 Pitch:     7.43 Setpoint:     0.00 M1:    48.00 M3:    52.00Count:      222 Pitch:     7.81 Setpoint:     0.00 M1:    48.00 M3:    52.00Count:      223 Pitch:     6.88 Setpoint:     0.00 M1:    52.00 M3:    48.00Count:      224 Pitch:     5.77 Setpoint:     0.00 M1:    52.00 M3:    48.00Count:      225 Pitch:     4.69 Setpoint:     0.00 M1:    52.00 M3:    48.00Count:      226 Pitch:     4.64 Setpoint:     0.00 M1:    49.41 M3:    50.59Count:      227 Pitch:     5.77 Setpoint:     0.00 M1:    48.00 M3:    52.00Count:      228 Pitch:     5.58 Setpoint:     0.00 M1:    48.00 M3:    52.00Count:      229 Pitch:     5.73 Setpoint:     0.00 M1:    48.00 M3:    52.00Count:      230 Pitch:     6.10 Setpoint:     0.00 M1:    48.00 M3:    52.00Count:      231 Pitch:     5.01 Setpoint:     0.00 M1:    52.00 M3:    48.00Count:      232 Pitch:     3.58 Setpoint:     0.00 M1:    52.00 M3:    48.00Count:      233 Pitch:     2.69 Setpoint:     0.00 M1:    52.00 M3:    48.00Count:      234 Pitch:     2.96 Setpoint:     0.00 M1:    48.00 M3:    52.00Count:      235 Pitch:     2.20 Setpoint:     0.00 M1:    52.00 M3:    48.00Count:      236 Pitch:     1.97 Setpoint:     0.00 M1:    52.00 M3:    48.00Count:      237 Pitch:     2.32 Setpoint:     0.00 M1:    48.00 M3:    52.00Count:      238 Pitch:     2.48 Setpoint:     0.00 M1:    48.00 M3:    52.00Count:      239 Pitch:     2.31 Setpoint:     0.00 M1:    48.51 M3:    51.49Count:      240 Pitch:     1.34 Setpoint:     0.00 M1:    52.00 M3:    48.00Count:      241 Pitch:     0.61 Setpoint:     0.00 M1:    52.00 M3:    48.00Count:      242 Pitch:     1.44 Setpoint:     0.00 M1:    48.00 M3:    52.00Count:      243 Pitch:     1.19 Setpoint:     0.00 M1:    50.20 M3:    49.80Count:      244 Pitch:     0.57 Setpoint:     0.00 M1:    52.00 M3:    48.00Count:      245 Pitch:     0.81 Setpoint:     0.00 M1:    48.23 M3:    51.77Count:      246 Pitch:     0.55 Setpoint:     0.00 M1:    51.24 M3:    48.76Count:      247 Pitch:    -0.34 Setpoint:     0.00 M1:    52.00 M3:    48.00Count:      248 Pitch:    -0.30 Setpoint:     0.00 M1:    51.55 M3:    48.45Count:      249 Pitch:    -0.05 Setpoint:     0.00 M1:    48.21 M3:    51.79Count:      250 Pitch:    -0.29 Setpoint:     0.00 M1:    51.49 M3:    48.51Count:      251 Pitch:     0.21 Setpoint:     0.00 M1:    48.00 M3:    52.00Count:      252 Pitch:    -0.12 Setpoint:     0.00 M1:    52.00 M3:    48.00Count:      253 Pitch:    -0.30 Setpoint:     0.00 M1:    52.00 M3:    48.00Count:      254 Pitch:     0.25 Setpoint:     0.00 M1:    48.00 M3:    52.00Count:      255 Pitch:     0.86 Setpoint:     0.00 M1:    48.00 M3:    52.00Count:      256 Pitch:     2.18 Setpoint:     0.00 M1:    48.00 M3:    52.00Count:      257 Pitch:     1.60 Setpoint:     0.00 M1:    52.00 M3:    48.00Count:      258 Pitch:     1.21 Setpoint:     0.00 M1:    52.00 M3:    48.00Count:      259 Pitch:     1.52 Setpoint:     0.00 M1:    48.00 M3:    52.00Count:      260 Pitch:     2.88 Setpoint:     0.00 M1:    48.00 M3:    52.00Count:      261 Pitch:     1.59 Setpoint:     0.00 M1:    52.00 M3:    48.00Count:      262 Pitch:     2.75 Setpoint:     0.00 M1:    48.00 M3:    52.00Count:      263 Pitch:     4.42 Setpoint:     0.00 M1:    48.00 M3:    52.00Count:      264 Pitch:     4.51 Setpoint:     0.00 M1:    48.00 M3:    52.00Count:      265 Pitch:     3.68 Setpoint:     0.00 M1:    52.00 M3:    48.00Count:      266 Pitch:     3.45 Setpoint:     0.00 M1:    52.00 M3:    48.00Count:      267 Pitch:     3.50 Setpoint:     0.00 M1:    48.74 M3:    51.26Count:      268 Pitch:     4.12 Setpoint:     0.00 M1:    48.00 M3:    52.00Count:      269 Pitch:     3.97 Setpoint:     0.00 M1:    48.00 M3:    52.00Count:      270 Pitch:     4.15 Setpoint:     0.00 M1:    48.00 M3:    52.00Count:      271 Pitch:     3.96 Setpoint:     0.00 M1:    48.00 M3:    52.00Count:      272 Pitch:     4.68 Setpoint:     0.00 M1:    48.00 M3:    52.00Count:      273 Pitch:     4.43 Setpoint:     0.00 M1:    48.10 M3:    51.90Count:      274 Pitch:     5.33 Setpoint:     0.00 M1:    48.00 M3:    52.00Count:      275 Pitch:     5.31 Setpoint:     0.00 M1:    48.00 M3:    52.00Count:      276 Pitch:     6.37 Setpoint:     0.00 M1:    48.00 M3:    52.00Count:      277 Pitch:     7.39 Setpoint:     0.00 M1:    48.00 M3:    52.00Count:      278 Pitch:     6.29 Setpoint:     0.00 M1:    52.00 M3:    48.00Count:      279 Pitch:     5.65 Setpoint:     0.00 M1:    52.00 M3:    48.00Count:      280 Pitch:     4.51 Setpoint:     0.00 M1:    52.00 M3:    48.00Count:      281 Pitch:     4.68 Setpoint:     0.00 M1:    48.00 M3:    52.00Count:      282 Pitch:     4.92 Setpoint:     0.00 M1:    48.00 M3:    52.00Count:      283 Pitch:     4.47 Setpoint:     0.00 M1:    50.56 M3:    49.44Count:      284 Pitch:     4.39 Setpoint:     0.00 M1:    48.32 M3:    51.68Count:      285 Pitch:     4.56 Setpoint:     0.00 M1:    48.00 M3:    52.00Count:      286 Pitch:     4.44 Setpoint:     0.00 M1:    48.00 M3:    52.00Count:      287 Pitch:     2.94 Setpoint:     0.00 M1:    52.00 M3:    48.00Count:      288 Pitch:     1.50 Setpoint:     0.00 M1:    52.00 M3:    48.00Count:      289 Pitch:     1.40 Setpoint:     0.00 M1:    52.00 M3:    48.00Count:      290 Pitch:     1.10 Setpoint:     0.00 M1:    52.00 M3:    48.00Count:      291 Pitch:     0.24 Setpoint:     0.00 M1:    52.00 M3:    48.00Count:      292 Pitch:     0.46 Setpoint:     0.00 M1:    48.52 M3:    51.48Count:      293 Pitch:     0.25 Setpoint:     0.00 M1:    50.88 M3:    49.12Count:      294 Pitch:    -0.22 Setpoint:     0.00 M1:    52.00 M3:    48.00Count:      295 Pitch:    -0.54 Setpoint:     0.00 M1:    52.00 M3:    48.00Count:      296 Pitch:    -0.45 Setpoint:     0.00 M1:    50.94 M3:    49.06Count:      297 Pitch:    -0.24 Setpoint:     0.00 M1:    48.08 M3:    51.92Count:      298 Pitch:    -1.04 Setpoint:     0.00 M1:    52.00 M3:    48.00Count:      299 Pitch:    -0.64 Setpoint:     0.00 M1:    48.00 M3:    52.00Count:      300 Pitch:    -0.95 Setpoint:     0.00 M1:    52.00 M3:    48.00Count:      301 Pitch:    -1.15 Setpoint:     0.00 M1:    52.00 M3:    48.00Count:      302 Pitch:    -0.94 Setpoint:     0.00 M1:    49.71 M3:    50.29Count:      303 Pitch:     0.01 Setpoint:     0.00 M1:    48.00 M3:    52.00Count:      304 Pitch:     1.10 Setpoint:     0.00 M1:    48.00 M3:    52.00Count:      305 Pitch:     0.40 Setpoint:     0.00 M1:    52.00 M3:    48.00Count:      306 Pitch:     0.42 Setpoint:     0.00 M1:    51.24 M3:    48.76Count:      307 Pitch:     2.05 Setpoint:     0.00 M1:    48.00 M3:    52.00Count:      308 Pitch:     1.93 Setpoint:     0.00 M1:    48.00 M3:    52.00Count:      309 Pitch:     2.13 Setpoint:     0.00 M1:    48.00 M3:    52.00Count:      310 Pitch:     3.27 Setpoint:     0.00 M1:    48.00 M3:    52.00Count:      311 Pitch:     3.68 Setpoint:     0.00 M1:    48.00 M3:    52.00Count:      312 Pitch:     3.75 Setpoint:     0.00 M1:    48.00 M3:    52.00Count:      313 Pitch:     3.57 Setpoint:     0.00 M1:    48.00 M3:    52.00Count:      314 Pitch:     4.01 Setpoint:     0.00 M1:    48.00 M3:    52.00Count:      315 Pitch:     3.82 Setpoint:     0.00 M1:    48.00 M3:    52.00Count:      316 Pitch:     3.47 Setpoint:     0.00 M1:    49.90 M3:    50.10Count:      317 Pitch:     2.75 Setpoint:     0.00 M1:    52.00 M3:    48.00Count:      318 Pitch:     1.91 Setpoint:     0.00 M1:    52.00 M3:    48.00Count:      319 Pitch:     0.25 Setpoint:     0.00 M1:    52.00 M3:    48.00Count:      320 Pitch:    -0.01 Setpoint:     0.00 M1:    52.00 M3:    48.00Count:      321 Pitch:     0.05 Setpoint:     0.00 M1:    50.90 M3:    49.10Count:      322 Pitch:    -0.38 Setpoint:     0.00 M1:    52.00 M3:    48.00Count:      323 Pitch:    -0.31 Setpoint:     0.00 M1:    50.93 M3:    49.07Count:      324 Pitch:    -1.15 Setpoint:     0.00 M1:    52.00 M3:    48.00Count:      325 Pitch:    -0.99 Setpoint:     0.00 M1:    50.30 M3:    49.70Count:      326 Pitch:     0.47 Setpoint:     0.00 M1:    48.00 M3:    52.00Count:      327 Pitch:     2.26 Setpoint:     0.00 M1:    48.00 M3:    52.00Count:      328 Pitch:     1.91 Setpoint:     0.00 M1:    50.66 M3:    49.34Count:      329 Pitch:     1.48 Setpoint:     0.00 M1:    52.00 M3:    48.00Count:      330 Pitch:     2.38 Setpoint:     0.00 M1:    48.00 M3:    52.00Count:      331 Pitch:     2.47 Setpoint:     0.00 M1:    48.00 M3:    52.00Count:      332 Pitch:     1.66 Setpoint:     0.00 M1:    52.00 M3:    48.00Count:      333 Pitch:     1.59 Setpoint:     0.00 M1:    51.57 M3:    48.43Count:      334 Pitch:     1.69 Setpoint:     0.00 M1:    48.73 M3:    51.27Count:      335 Pitch:     2.24 Setpoint:     0.00 M1:    48.00 M3:    52.00Count:      336 Pitch:     1.82 Setpoint:     0.00 M1:    52.00 M3:    48.00Count:      337 Pitch:     1.84 Setpoint:     0.00 M1:    50.19 M3:    49.81Count:      338 Pitch:     2.57 Setpoint:     0.00 M1:    48.00 M3:    52.00Count:      339 Pitch:     2.18 Setpoint:     0.00 M1:    51.41 M3:    48.59Count:      340 Pitch:     1.69 Setpoint:     0.00 M1:    52.00 M3:    48.00Count:      341 Pitch:     1.52 Setpoint:     0.00 M1:    52.00 M3:    48.00Count:      342 Pitch:     1.44 Setpoint:     0.00 M1:    51.86 M3:    48.14Count:      343 Pitch:     2.01 Setpoint:     0.00 M1:    48.00 M3:    52.00Count:      344 Pitch:     1.83 Setpoint:     0.00 M1:    48.77 M3:    51.23Count:      345 Pitch:     1.31 Setpoint:     0.00 M1:    52.00 M3:    48.00Count:      346 Pitch:     1.51 Setpoint:     0.00 M1:    48.00 M3:    52.00Count:      347 Pitch:     1.65 Setpoint:     0.00 M1:    48.00 M3:    52.00Count:      348 Pitch:     1.91 Setpoint:     0.00 M1:    48.00 M3:    52.00Count:      349 Pitch:     2.20 Setpoint:     0.00 M1:    48.00 M3:    52.00Count:      350 Pitch:     2.10 Setpoint:     0.00 M1:    48.00 M3:    52.00Count:      351 Pitch:     3.06 Setpoint:     0.00 M1:    48.00 M3:    52.00Count:      352 Pitch:     2.73 Setpoint:     0.00 M1:    50.12 M3:    49.88Count:      353 Pitch:     1.83 Setpoint:     0.00 M1:    52.00 M3:    48.00Count:      354 Pitch:     2.07 Setpoint:     0.00 M1:    48.00 M3:    52.00Count:      355 Pitch:     1.93 Setpoint:     0.00 M1:    48.12 M3:    51.88Count:      356 Pitch:     1.63 Setpoint:     0.00 M1:    50.63 M3:    49.37Count:      357 Pitch:     1.66 Setpoint:     0.00 M1:    48.70 M3:    51.30Count:      358 Pitch:     2.63 Setpoint:     0.00 M1:    48.00 M3:    52.00Count:      359 Pitch:     2.27 Setpoint:     0.00 M1:    50.87 M3:    49.13Count:      360 Pitch:     1.66 Setpoint:     0.00 M1:    52.00 M3:    48.00Count:      361 Pitch:     1.45 Setpoint:     0.00 M1:    52.00 M3:    48.00Count:      362 Pitch:     1.42 Setpoint:     0.00 M1:    50.99 M3:    49.01Count:      363 Pitch:     1.30 Setpoint:     0.00 M1:    51.36 M3:    48.64Count:      364 Pitch:     1.18 Setpoint:     0.00 M1:    51.74 M3:    48.26Count:      365 Pitch:     0.92 Setpoint:     0.00 M1:    52.00 M3:    48.00Count:      366 Pitch:     1.95 Setpoint:     0.00 M1:    48.00 M3:    52.00Count:      367 Pitch:     3.28 Setpoint:     0.00 M1:    48.00 M3:    52.00Count:      368 Pitch:     3.55 Setpoint:     0.00 M1:    48.00 M3:    52.00Count:      369 Pitch:     3.33 Setpoint:     0.00 M1:    48.22 M3:    51.78Count:      370 Pitch:     3.72 Setpoint:     0.00 M1:    48.00 M3:    52.00Count:      371 Pitch:     3.05 Setpoint:     0.00 M1:    52.00 M3:    48.00Count:      372 Pitch:     2.27 Setpoint:     0.00 M1:    52.00 M3:    48.00Count:      373 Pitch:     2.04 Setpoint:     0.00 M1:    52.00 M3:    48.00Count:      374 Pitch:     2.94 Setpoint:     0.00 M1:    48.00 M3:    52.00Count:      375 Pitch:     3.24 Setpoint:     0.00 M1:    48.00 M3:    52.00Count:      376 Pitch:     3.25 Setpoint:     0.00 M1:    48.00 M3:    52.00Count:      377 Pitch:     4.03 Setpoint:     0.00 M1:    48.00 M3:    52.00Count:      378 Pitch:     4.87 Setpoint:     0.00 M1:    48.00 M3:    52.00Count:      379 Pitch:     3.98 Setpoint:     0.00 M1:    52.00 M3:    48.00Count:      380 Pitch:     3.16 Setpoint:     0.00 M1:    52.00 M3:    48.00Count:      381 Pitch:     1.98 Setpoint:     0.00 M1:    52.00 M3:    48.00Count:      382 Pitch:     2.14 Setpoint:     0.00 M1:    48.00 M3:    52.00Count:      383 Pitch:     3.25 Setpoint:     0.00 M1:    48.00 M3:    52.00Count:      384 Pitch:     3.67 Setpoint:     0.00 M1:    48.00 M3:    52.00Count:      385 Pitch:     3.97 Setpoint:     0.00 M1:    48.00 M3:    52.00Count:      386 Pitch:     4.96 Setpoint:     0.00 M1:    48.00 M3:    52.00Count:      387 Pitch:     5.57 Setpoint:     0.00 M1:    48.00 M3:    52.00Count:      388 Pitch:     4.36 Setpoint:     0.00 M1:    52.00 M3:    48.00Count:      389 Pitch:     4.06 Setpoint:     0.00 M1:    52.00 M3:    48.00Count:      390 Pitch:     4.70 Setpoint:     0.00 M1:    48.00 M3:    52.00Count:      391 Pitch:     4.17 Setpoint:     0.00 M1:    51.64 M3:    48.36Count:      392 Pitch:     4.34 Setpoint:     0.00 M1:    48.00 M3:    52.00Count:      393 Pitch:     4.80 Setpoint:     0.00 M1:    48.00 M3:    52.00Count:      394 Pitch:     5.63 Setpoint:     0.00 M1:    48.00 M3:    52.00Count:      395 Pitch:     5.77 Setpoint:     0.00 M1:    48.00 M3:    52.00Count:      396 Pitch:     5.45 Setpoint:     0.00 M1:    48.00 M3:    52.00Count:      397 Pitch:     4.33 Setpoint:     0.00 M1:    52.00 M3:    48.00Count:      398 Pitch:     4.71 Setpoint:     0.00 M1:    48.00 M3:    52.00Count:      399 Pitch:     4.29 Setpoint:     0.00 M1:    50.06 M3:    49.94Count:      400 Pitch:     3.72 Setpoint:     0.00 M1:    52.00 M3:    48.00Count:      401 Pitch:     3.77 Setpoint:     0.00 M1:    48.20 M3:    51.80Count:      402 Pitch:     4.10 Setpoint:     0.00 M1:    48.00 M3:    52.00Count:      403 Pitch:     3.93 Setpoint:     0.00 M1:    48.00 M3:    52.00Count:      404 Pitch:     3.03 Setpoint:     0.00 M1:    52.00 M3:    48.00Count:      405 Pitch:     2.58 Setpoint:     0.00 M1:    52.00 M3:    48.00Count:      406 Pitch:     2.80 Setpoint:     0.00 M1:    48.00 M3:    52.00Count:      407 Pitch:     1.93 Setpoint:     0.00 M1:    52.00 M3:    48.00Count:      408 Pitch:     1.31 Setpoint:     0.00 M1:    52.00 M3:    48.00Count:      409 Pitch:     0.74 Setpoint:     0.00 M1:    52.00 M3:    48.00Count:      410 Pitch:     0.67 Setpoint:     0.00 M1:    52.00 M3:    48.00Count:      411 Pitch:     0.72 Setpoint:     0.00 M1:    50.23 M3:    49.77Count:      412 Pitch:     0.13 Setpoint:     0.00 M1:    52.00 M3:    48.00Count:      413 Pitch:    -0.61 Setpoint:     0.00 M1:    52.00 M3:    48.00Count:      414 Pitch:    -0.74 Setpoint:     0.00 M1:    52.00 M3:    48.00Count:      415 Pitch:    -1.00 Setpoint:     0.00 M1:    52.00 M3:    48.00Count:      416 Pitch:    -0.77 Setpoint:     0.00 M1:    49.03 M3:    50.97Count:      417 Pitch:     0.06 Setpoint:     0.00 M1:    48.00 M3:    52.00Count:      418 Pitch:    -0.09 Setpoint:     0.00 M1:    49.55 M3:    50.45Count:      419 Pitch:    -1.45 Setpoint:     0.00 M1:    52.00 M3:    48.00Count:      420 Pitch:    -0.52 Setpoint:     0.00 M1:    48.00 M3:    52.00Count:      421 Pitch:     0.76 Setpoint:     0.00 M1:    48.00 M3:    52.00Count:      422 Pitch:     0.32 Setpoint:     0.00 M1:    52.00 M3:    48.00Count:      423 Pitch:     0.80 Setpoint:     0.00 M1:    48.00 M3:    52.00Count:      424 Pitch:     1.93 Setpoint:     0.00 M1:    48.00 M3:    52.00Count:      425 Pitch:     2.73 Setpoint:     0.00 M1:    48.00 M3:    52.00Count:      426 Pitch:     2.66 Setpoint:     0.00 M1:    48.00 M3:    52.00Count:      427 Pitch:     2.92 Setpoint:     0.00 M1:    48.00 M3:    52.00Count:      428 Pitch:     4.15 Setpoint:     0.00 M1:    48.00 M3:    52.00Count:      429 Pitch:     3.70 Setpoint:     0.00 M1:    50.91 M3:    49.09Count:      430 Pitch:     3.01 Setpoint:     0.00 M1:    52.00 M3:    48.00Count:      431 Pitch:     3.38 Setpoint:     0.00 M1:    48.00 M3:    52.00Count:      432 Pitch:     3.75 Setpoint:     0.00 M1:    48.00 M3:    52.00Count:      433 Pitch:     3.74 Setpoint:     0.00 M1:    48.00 M3:    52.00Count:      434 Pitch:     3.65 Setpoint:     0.00 M1:    48.00 M3:    52.00Count:      435 Pitch:     3.69 Setpoint:     0.00 M1:    48.00 M3:    52.00Count:      436 Pitch:     4.28 Setpoint:     0.00 M1:    48.00 M3:    52.00Count:      437 Pitch:     4.91 Setpoint:     0.00 M1:    48.00 M3:    52.00Count:      438 Pitch:     4.47 Setpoint:     0.00 M1:    50.22 M3:    49.78Count:      439 Pitch:     4.89 Setpoint:     0.00 M1:    48.00 M3:    52.00Count:      440 Pitch:     4.93 Setpoint:     0.00 M1:    48.00 M3:    52.00Count:      441 Pitch:     3.71 Setpoint:     0.00 M1:    52.00 M3:    48.00Count:      442 Pitch:     3.34 Setpoint:     0.00 M1:    52.00 M3:    48.00Count:      443 Pitch:     2.99 Setpoint:     0.00 M1:    52.00 M3:    48.00Count:      444 Pitch:     2.27 Setpoint:     0.00 M1:    52.00 M3:    48.00Count:      445 Pitch:     1.70 Setpoint:     0.00 M1:    52.00 M3:    48.00Count:      446 Pitch:     1.51 Setpoint:     0.00 M1:    52.00 M3:    48.00Count:      447 Pitch:     2.35 Setpoint:     0.00 M1:    48.00 M3:    52.00Count:      448 Pitch:     1.74 Setpoint:     0.00 M1:    52.00 M3:    48.00Count:      449 Pitch:     0.53 Setpoint:     0.00 M1:    52.00 M3:    48.00Count:      450 Pitch:     0.34 Setpoint:     0.00 M1:    52.00 M3:    48.00Count:      451 Pitch:    -0.26 Setpoint:     0.00 M1:    52.00 M3:    48.00Count:      452 Pitch:    -0.29 Setpoint:     0.00 M1:    52.00 M3:    48.00Count:      453 Pitch:    -0.14 Setpoint:     0.00 M1:    49.32 M3:    50.68Count:      454 Pitch:     0.29 Setpoint:     0.00 M1:    48.00 M3:    52.00Count:      455 Pitch:    -0.54 Setpoint:     0.00 M1:    52.00 M3:    48.00Count:      456 Pitch:     0.08 Setpoint:     0.00 M1:    48.00 M3:    52.00Count:      457 Pitch:     0.57 Setpoint:     0.00 M1:    48.00 M3:    52.00Count:      458 Pitch:     0.57 Setpoint:     0.00 M1:    48.00 M3:    52.00Count:      459 Pitch:     0.49 Setpoint:     0.00 M1:    48.16 M3:    51.84Count:      460 Pitch:     0.50 Setpoint:     0.00 M1:    48.00 M3:    52.00Count:      461 Pitch:     1.87 Setpoint:     0.00 M1:    48.00 M3:    52.00Count:      462 Pitch:     1.94 Setpoint:     0.00 M1:    48.00 M3:    52.00Count:      463 Pitch:     1.36 Setpoint:     0.00 M1:    52.00 M3:    48.00Count:      464 Pitch:     1.24 Setpoint:     0.00 M1:    51.97 M3:    48.03Count:      465 Pitch:     1.17 Setpoint:     0.00 M1:    51.51 M3:    48.49Count:      466 Pitch:     1.16 Setpoint:     0.00 M1:    50.11 M3:    49.89Count:      467 Pitch:     0.57 Setpoint:     0.00 M1:    52.00 M3:    48.00Count:      468 Pitch:    -0.05 Setpoint:     0.00 M1:    52.00 M3:    48.00Count:      469 Pitch:     0.78 Setpoint:     0.00 M1:    48.00 M3:    52.00Count:      470 Pitch:     0.70 Setpoint:     0.00 M1:    48.00 M3:    52.00Count:      471 Pitch:     0.79 Setpoint:     0.00 M1:    48.00 M3:    52.00Count:      472 Pitch:     1.56 Setpoint:     0.00 M1:    48.00 M3:    52.00Count:      473 Pitch:     2.26 Setpoint:     0.00 M1:    48.00 M3:    52.00Count:      474 Pitch:     2.76 Setpoint:     0.00 M1:    48.00 M3:    52.00Count:      475 Pitch:     2.31 Setpoint:     0.00 M1:    51.76 M3:    48.24Count:      476 Pitch:     2.15 Setpoint:     0.00 M1:    51.59 M3:    48.41Count:      477 Pitch:     1.92 Setpoint:     0.00 M1:    52.00 M3:    48.00Count:      478 Pitch:     1.78 Setpoint:     0.00 M1:    52.00 M3:    48.00Count:      479 Pitch:     1.95 Setpoint:     0.00 M1:    48.00 M3:    52.00Count:      480 Pitch:     1.18 Setpoint:     0.00 M1:    52.00 M3:    48.00Count:      481 Pitch:     1.98 Setpoint:     0.00 M1:    48.00 M3:    52.00Count:      482 Pitch:     3.19 Setpoint:     0.00 M1:    48.00 M3:    52.00Count:      483 Pitch:     3.52 Setpoint:     0.00 M1:    48.00 M3:    52.00Count:      484 Pitch:     3.33 Setpoint:     0.00 M1:    48.00 M3:    52.00Count:      485 Pitch:     2.99 Setpoint:     0.00 M1:    49.81 M3:    50.19Count:      486 Pitch:     3.43 Setpoint:     0.00 M1:    48.00 M3:    52.00Count:      487 Pitch:     3.29 Setpoint:     0.00 M1:    48.00 M3:    52.00Count:      488 Pitch:     1.98 Setpoint:     0.00 M1:    52.00 M3:    48.00Count:      489 Pitch:     2.18 Setpoint:     0.00 M1:    48.00 M3:    52.00Count:      490 Pitch:     2.66 Setpoint:     0.00 M1:    48.00 M3:    52.00Count:      491 Pitch:     2.40 Setpoint:     0.00 M1:    49.04 M3:    50.96Count:      492 Pitch:     2.46 Setpoint:     0.00 M1:    48.00 M3:    52.00Count:      493 Pitch:     2.77 Setpoint:     0.00 M1:    48.00 M3:    52.00Count:      494 Pitch:     2.56 Setpoint:     0.00 M1:    48.32 M3:    51.68Count:      495 Pitch:     2.08 Setpoint:     0.00 M1:    52.00 M3:    48.00Count:      496 Pitch:     0.87 Setpoint:     0.00 M1:    52.00 M3:    48.00Count:      497 Pitch:     0.57 Setpoint:     0.00 M1:    52.00 M3:    48.00Count:      498 Pitch:     0.92 Setpoint:     0.00 M1:    48.00 M3:    52.00Count:      499 Pitch:     0.21 Setpoint:     0.00 M1:    52.00 M3:    48.00Count:      500 Pitch:    -0.53 Setpoint:     0.00 M1:    52.00 M3:    48.00Count:      501 Pitch:    -0.72 Setpoint:     0.00 M1:    52.00 M3:    48.00Count:      502 Pitch:     0.14 Setpoint:     0.00 M1:    48.00 M3:    52.00Count:      503 Pitch:     1.05 Setpoint:     0.00 M1:    48.00 M3:    52.00Count:      504 Pitch:     0.31 Setpoint:     0.00 M1:    52.00 M3:    48.00Count:      505 Pitch:    -0.14 Setpoint:     0.00 M1:    52.00 M3:    48.00Count:      506 Pitch:    -0.38 Setpoint:     0.00 M1:    52.00 M3:    48.00Count:      507 Pitch:    -0.49 Setpoint:     0.00 M1:    52.00 M3:    48.00Count:      508 Pitch:    -1.53 Setpoint:     0.00 M1:    52.00 M3:    48.00Count:      509 Pitch:    -2.28 Setpoint:     0.00 M1:    52.00 M3:    48.00Count:      510 Pitch:    -2.50 Setpoint:     0.00 M1:    52.00 M3:    48.00Count:      511 Pitch:    -2.28 Setpoint:     0.00 M1:    49.95 M3:    50.05Count:      512 Pitch:    -0.63 Setpoint:     0.00 M1:    48.00 M3:    52.00Count:      513 Pitch:    -0.38 Setpoint:     0.00 M1:    48.00 M3:    52.00Count:      514 Pitch:    -0.62 Setpoint:     0.00 M1:    50.88 M3:    49.12Count:      515 Pitch:    -0.80 Setpoint:     0.00 M1:    52.00 M3:    48.00Count:      516 Pitch:     0.56 Setpoint:     0.00 M1:    48.00 M3:    52.00Count:      517 Pitch:     1.13 Setpoint:     0.00 M1:    48.00 M3:    52.00Count:      518